Khoe-San 0.000 0.062 0.060 0.062 0.040 0.067 0.140 0.049 0.132 0.128 0.174 0.143 0.057 0.040 0.140 0.135 0.053 0.052 0.044 0.122 0.102 0.131
Niger_Cong 0.062 0.000 0.005 0.055 0.015 0.064 0.156 0.009 0.143 0.139 0.180 0.158 0.052 0.016 0.156 0.150 0.007 0.003 0.011 0.131 0.109 0.141
Niger_Cong 0.060 0.005 0.000 0.052 0.016 0.062 0.153 0.010 0.140 0.136 0.177 0.155 0.049 0.017 0.153 0.147 0.009 0.005 0.013 0.128 0.106 0.138
Afro-Asiat 0.062 0.055 0.052 0.000 0.057 0.003 0.066 0.028 0.065 0.063 0.116 0.071 0.005 0.059 0.065 0.059 0.043 0.038 0.055 0.057 0.028 0.066
BW_CONTROL 0.040 0.015 0.016 0.057 0.000 0.066 0.157 0.018 0.143 0.140 0.180 0.158 0.052 0.001 0.156 0.151 0.012 0.014 0.006 0.132 0.111 0.141
Afro-Asiat 0.067 0.064 0.062 0.003 0.066 0.000 0.053 0.033 0.055 0.053 0.109 0.058 0.005 0.069 0.053 0.046 0.052 0.045 0.064 0.048 0.019 0.056
European_c 0.140 0.156 0.153 0.066 0.157 0.053 0.000 0.100 0.036 0.035 0.109 0.007 0.073 0.160 0.000 0.003 0.142 0.125 0.156 0.027 0.019 0.042
African-Am 0.049 0.009 0.010 0.028 0.018 0.033 0.100 0.000 0.093 0.090 0.134 0.102 0.027 0.020 0.100 0.095 0.009 0.003 0.016 0.081 0.064 0.092
USA_Indian 0.132 0.143 0.140 0.065 0.143 0.055 0.036 0.093 0.000 0.003 0.074 0.037 0.070 0.147 0.036 0.035 0.130 0.114 0.143 0.033 0.034 0.004
South_Asia 0.128 0.139 0.136 0.063 0.140 0.053 0.035 0.090 0.003 0.000 0.063 0.035 0.067 0.143 0.034 0.034 0.126 0.111 0.139 0.029 0.032 0.002
East_Asian 0.174 0.180 0.177 0.116 0.180 0.109 0.109 0.134 0.074 0.063 0.000 0.101 0.120 0.184 0.109 0.108 0.167 0.154 0.180 0.068 0.101 0.068
European_N 0.143 0.158 0.155 0.071 0.158 0.058 0.007 0.102 0.037 0.035 0.101 0.000 0.077 0.162 0.006 0.011 0.144 0.127 0.158 0.027 0.027 0.042
Afro-Asiat 0.057 0.052 0.049 0.005 0.052 0.005 0.073 0.027 0.070 0.067 0.120 0.077 0.000 0.055 0.072 0.066 0.040 0.036 0.051 0.062 0.034 0.070
 BW_CASES 0.040 0.016 0.017 0.059 0.001 0.069 0.160 0.020 0.147 0.143 0.184 0.162 0.055 0.000 0.160 0.154 0.013 0.016 0.006 0.136 0.115 0.145
European_U 0.140 0.156 0.153 0.065 0.156 0.053 0.000 0.100 0.036 0.034 0.109 0.006 0.072 0.160 0.000 0.003 0.142 0.124 0.156 0.027 0.019 0.042
European_S 0.135 0.150 0.147 0.059 0.151 0.046 0.003 0.095 0.035 0.034 0.108 0.011 0.066 0.154 0.003 0.000 0.136 0.119 0.150 0.026 0.012 0.041
Niger_Cong 0.053 0.007 0.009 0.043 0.012 0.052 0.142 0.009 0.130 0.126 0.167 0.144 0.040 0.013 0.142 0.136 0.000 0.006 0.009 0.119 0.096 0.128
African-Ca 0.052 0.003 0.005 0.038 0.014 0.045 0.125 0.003 0.114 0.111 0.154 0.127 0.036 0.016 0.124 0.119 0.006 0.000 0.011 0.103 0.083 0.113
Niger-Cong 0.044 0.011 0.013 0.055 0.006 0.064 0.156 0.016 0.143 0.139 0.180 0.158 0.051 0.006 0.156 0.150 0.009 0.011 0.000 0.131 0.110 0.141
Latin_Amer 0.122 0.131 0.128 0.057 0.132 0.048 0.027 0.081 0.033 0.029 0.068 0.027 0.062 0.136 0.027 0.026 0.119 0.103 0.131 0.000 0.029 0.035
Afro-Asiat 0.102 0.109 0.106 0.028 0.111 0.019 0.019 0.064 0.034 0.032 0.101 0.027 0.034 0.115 0.019 0.012 0.096 0.083 0.110 0.029 0.000 0.037
UK_Indian 0.131 0.141 0.138 0.066 0.141 0.056 0.042 0.092 0.004 0.002 0.068 0.042 0.070 0.145 0.042 0.041 0.128 0.113 0.141 0.035 0.037 0.000
