AI16373	BW_CONTROLS	0.007046	0.033206	0.959747
AI16389	BW_CONTROLS	0.002749	0.000010	0.997241
AI16406	BW_CONTROLS	0.000010	0.000010	0.999980
AI41194	BW_CONTROLS	0.000010	0.000010	0.999980
AN75622	BW_CONTROLS	0.000010	0.000010	0.999980
AN75666	BW_CONTROLS	0.000010	0.000010	0.999980
APP5117332	Niger_Congo_Bantu	0.001388	0.016414	0.982198
APP5117358	Niger_Congo_Bantu	0.010025	0.021400	0.968574
APP5117366	Niger_Congo_Bantu	0.000010	0.000429	0.999561
APP5117367	Niger_Congo_Bantu	0.000773	0.012608	0.986619
APP5117393	Niger_Congo_Bantu	0.000010	0.046403	0.953587
APP5117394	Niger_Congo_Bantu	0.006196	0.050275	0.943530
APP5117398	Niger_Congo_Bantu	0.005451	0.021963	0.972586
APP5117401	Niger_Congo_Bantu	0.000924	0.010451	0.988625
APP5117425	Niger_Congo_Bantu	0.006489	0.030118	0.963393
APP5117426	Niger_Congo_Bantu	0.001666	0.018066	0.980268
APP5117545	Niger_Congo_Bantu	0.004209	0.021482	0.974309
APP5117598	Niger_Congo_Bantu	0.002300	0.022515	0.975185
APP5117623	Niger_Congo_Bantu	0.004701	0.028223	0.967075
APP5117638	Niger_Congo_Bantu	0.001602	0.014196	0.984202
APP5117654	Niger_Congo_Bantu	0.002855	0.031166	0.965979
APP5117655	Niger_Congo_Bantu	0.004789	0.006977	0.988234
APP5117676	Niger_Congo_Bantu	0.004064	0.017413	0.978523
APP5117696	Niger_Congo_Bantu	0.006365	0.032527	0.961108
APP5117706	Niger_Congo_Bantu	0.009670	0.035594	0.954736
APP5117710	Niger_Congo_Bantu	0.006359	0.008343	0.985298
APP5117723	Niger_Congo_Bantu	0.008038	0.036510	0.955453
APP5117730	Niger_Congo_Bantu	0.004301	0.021822	0.973877
APP5117760	Niger_Congo_Bantu	0.006068	0.016212	0.977720
APP5117764	Niger_Congo_Bantu	0.005082	0.015084	0.979834
APP5117830	Niger_Congo_Bantu	0.002649	0.093076	0.904275
APP5117901	Niger_Congo_Bantu	0.010779	0.003077	0.986144
APP5117905	Niger_Congo_Bantu	0.003991	0.012003	0.984006
APP5117923	Niger_Congo_Bantu	0.007258	0.097870	0.894872
APP5117988	Niger_Congo_Bantu	0.000010	0.021120	0.978870
APP5117989	Niger_Congo_Bantu	0.008025	0.018814	0.973161
APP5117992	Niger_Congo_Bantu	0.007619	0.017760	0.974621
APP5118008	Niger_Congo_Bantu	0.000010	0.006960	0.993030
APP5118015	Niger_Congo_Bantu	0.006846	0.071523	0.921631
APP5118033	Niger_Congo_Bantu	0.000462	0.022405	0.977133
APP5118034	Niger_Congo_Bantu	0.004216	0.010576	0.985208
APP5118071	Niger_Congo_Bantu	0.000010	0.017393	0.982597
APP5118072	Niger_Congo_Bantu	0.000809	0.013324	0.985868
APP5118245	Niger_Congo_Bantu	0.001152	0.032140	0.966708
APP5118263	Niger_Congo_Bantu	0.001444	0.025119	0.973437
APP5118278	Niger_Congo_Bantu	0.009190	0.064996	0.925814
APP5118293	Niger_Congo_Bantu	0.000010	0.035702	0.964288
APP5118319	Niger_Congo_Bantu	0.008923	0.032634	0.958443
APP5118345	Niger_Congo_Bantu	0.001623	0.022210	0.976168
APP5118411	Niger_Congo_Bantu	0.001869	0.012614	0.985517
APP5118419	Niger_Congo_Bantu	0.004088	0.009239	0.986673
APP5118438	Niger_Congo_Bantu	0.004050	0.027585	0.968365
APP5118443	Niger_Congo_Bantu	0.000010	0.033168	0.966822
APP5118464	Niger_Congo_Bantu	0.002341	0.031733	0.965926
APP5118469	Niger_Congo_Bantu	0.002237	0.033378	0.964385
APP5118476	Niger_Congo_Bantu	0.000010	0.015719	0.984271
APP5118495	Niger_Congo_Bantu	0.003775	0.022567	0.973658
APP5118522	Niger_Congo_Bantu	0.010859	0.063542	0.925600
APP5118532	Niger_Congo_Bantu	0.009320	0.076404	0.914276
APP5118538	Niger_Congo_Bantu	0.008327	0.016349	0.975324
APP5118604	Niger_Congo_Bantu	0.005019	0.039800	0.955180
APP5118650	Niger_Congo_Bantu	0.002525	0.027640	0.969835
APP5118667	Niger_Congo_Bantu	0.003342	0.011807	0.984851
APP5118731	Niger_Congo_Bantu	0.000053	0.050164	0.949783
APP5118752	Niger_Congo_Bantu	0.006740	0.029802	0.963458
APP5118757	Niger_Congo_Bantu	0.003686	0.025534	0.970781
APP5118760	Niger_Congo_Bantu	0.000784	0.016449	0.982767
APP5118762	Niger_Congo_Bantu	0.010035	0.025278	0.964687
APP5118770	Niger_Congo_Bantu	0.004319	0.053993	0.941689
APP5118772	Niger_Congo_Bantu	0.001501	0.025696	0.972803
APP5118780	Niger_Congo_Bantu	0.003937	0.024164	0.971899
APP5118804	Niger_Congo_Bantu	0.012394	0.010132	0.977474
APP5118829	Niger_Congo_Bantu	0.000533	0.049005	0.950462
APP5118856	Niger_Congo_Bantu	0.003092	0.014441	0.982466
APP5118861	Niger_Congo_Bantu	0.007338	0.015745	0.976917
APP5118863	Niger_Congo_Bantu	0.007994	0.035223	0.956783
APP5118871	Niger_Congo_Bantu	0.000010	0.026035	0.973955
APP5118872	Niger_Congo_Bantu	0.007419	0.021813	0.970768
APP5118878	Niger_Congo_Bantu	0.006066	0.015436	0.978499
APP5118941	Niger_Congo_Bantu	0.009695	0.084448	0.905857
APP5118944	Niger_Congo_Bantu	0.004804	0.083146	0.912050
APP5118971	Niger_Congo_Bantu	0.005669	0.014277	0.980055
APP5119000	Niger_Congo_Bantu	0.003781	0.008429	0.987790
APP5119003	Niger_Congo_Bantu	0.000081	0.101060	0.898859
APP5119011	Niger_Congo_Bantu	0.001245	0.012199	0.986556
APP5119029	Niger_Congo_Bantu	0.004802	0.010752	0.984447
APP5119089	Niger_Congo_Bantu	0.001827	0.039448	0.958726
APP5119099	Niger_Congo_Bantu	0.002202	0.023987	0.973811
APP5119106	Niger_Congo_Bantu	0.000010	0.012277	0.987713
APP5119134	Niger_Congo_Bantu	0.000010	0.018052	0.981938
APP5119138	Niger_Congo_Bantu	0.000010	0.023839	0.976151
APP5119142	Niger_Congo_Bantu	0.002763	0.011905	0.985332
APP5119166	Niger_Congo_Bantu	0.000010	0.025412	0.974578
APP5119188	Niger_Congo_Bantu	0.000010	0.028183	0.971807
APP5119199	Niger_Congo_Bantu	0.003850	0.008775	0.987375
APP5119239	Niger_Congo_Bantu	0.002470	0.033767	0.963763
APP5119241	Niger_Congo_Bantu	0.007799	0.039241	0.952960
APP5119262	Niger_Congo_Bantu	0.002601	0.013421	0.983978
APP5119287	Niger_Congo_Bantu	0.004686	0.014588	0.980726
APP5119289	Niger_Congo_Bantu	0.001662	0.014062	0.984276
APP5119354	Niger_Congo_Bantu	0.002780	0.010956	0.986264
APP5119361	Niger_Congo_Bantu	0.000010	0.044984	0.955006
APP5119403	Niger_Congo_Bantu	0.008863	0.086253	0.904884
APP5119465	Niger_Congo_Bantu	0.006171	0.018812	0.975017
APP5119514	Niger_Congo_Bantu	0.007153	0.062318	0.930529
APP5139223	Niger_Congo_Bantu	0.000010	0.033149	0.966841
AT31476	BW_CONTROLS	0.000010	0.000010	0.999980
AT31509	BW_CONTROLS	0.000010	0.000010	0.999980
AT31515	BW_CONTROLS	0.000010	0.000010	0.999980
AT31543	BW_CONTROLS	0.000010	0.000010	0.999980
AV10214	BW_CONTROLS	0.000828	0.000010	0.999162
AV10220	BW_CONTROLS	0.000147	0.000010	0.999843
AV10236	BW_CONTROLS	0.000010	0.000010	0.999980
AV10242	BW_CONTROLS	0.000010	0.000010	0.999980
AV10258	BW_CONTROLS	0.000010	0.000010	0.999980
AV10264	BW_CONTROLS	0.000238	0.002145	0.997617
AV10286	BW_CONTROLS	0.000010	0.000010	0.999980
AV10292	BW_CONTROLS	0.000735	0.000010	0.999255
AV10319	BW_CONTROLS	0.000010	0.000010	0.999980
AV10436	BW_CONTROLS	0.000010	0.000010	0.999980
AV17501	BW_CONTROLS	0.000010	0.000010	0.999980
AV17517	BW_CONTROLS	0.000010	0.000010	0.999980
AV17523	BW_CONTROLS	0.000010	0.000010	0.999980
AV17539	BW_CONTROLS	0.000010	0.025267	0.974723
AV17545	BW_CONTROLS	0.000010	0.000010	0.999980
AV17551	BW_CONTROLS	0.000010	0.000010	0.999980
AV17612	BW_CONTROLS	0.001949	0.158552	0.839499
AV17628	BW_CONTROLS	0.000607	0.000010	0.999383
AV19193	BW_CONTROLS	0.000010	0.000010	0.999980
AV19232	BW_CONTROLS	0.000010	0.000010	0.999980
AV19248	BW_CONTROLS	0.001737	0.000648	0.997615
AV19260	BW_CONTROLS	0.003182	0.000010	0.996808
AV19276	BW_CONTROLS	0.000010	0.003920	0.996070
AV22287	BW_CONTROLS	0.004925	0.003248	0.991827
AV22293	BW_CONTROLS	0.000010	0.000010	0.999980
AV24885	BW_CONTROLS	0.000556	0.027871	0.971573
AV24891	BW_CONTROLS	0.027108	0.088507	0.884385
AV29013	BW_CONTROLS	0.000432	0.000010	0.999558
AV29029	BW_CONTROLS	0.000010	0.000010	0.999980
AV29041	BW_CONTROLS	0.001283	0.033105	0.965612
AV30260	BW_CONTROLS	0.000010	0.000880	0.999110
AV30282	BW_CONTROLS	0.000010	0.000010	0.999980
AV30298	BW_CONTROLS	0.000010	0.000010	0.999980
AV30315	BW_CONTROLS	0.000010	0.014138	0.985852
AV30604	BW_CONTROLS	0.000010	0.000010	0.999980
BH15039	BW_CONTROLS	0.000010	0.000010	0.999980
BH15217	BW_CONTROLS	0.000013	0.000010	0.999977
BM95627	BW_CONTROLS	0.000010	0.000010	0.999980
BM95633	BW_CONTROLS	0.002728	0.000010	0.997262
BM97136	BW_CONTROLS	0.000010	0.004581	0.995409
BM97142	BW_CONTROLS	0.002904	0.002559	0.994537
BN10714	BW_CASES	0.000010	0.000010	0.999980
BN13994	BW_CONTROLS	0.000350	0.060277	0.939373
BT31811	BW_CONTROLS	0.007466	0.000659	0.991875
BT31827	BW_CONTROLS	0.000010	0.003493	0.996497
BT36627	BW_CONTROLS	0.000010	0.000010	0.999980
BT37982	BW_CONTROLS	0.000010	0.137231	0.862759
BT38970	BW_CONTROLS	0.000010	0.090001	0.909989
CG86499	BW_CONTROLS	0.000288	0.003130	0.996582
CG86500	BW_CONTROLS	0.000010	0.000010	0.999980
CG86516	BW_CONTROLS	0.000010	0.000010	0.999980
CG87932	BW_CONTROLS	0.000010	0.000510	0.999480
CG87948	BW_CONTROLS	0.000530	0.001429	0.998041
CG89524	BW_CONTROLS	0.013036	0.021829	0.965135
CG89530	BW_CONTROLS	0.000010	0.000010	0.999980
CG91092	BW_CONTROLS	0.000010	0.000010	0.999980
CG93678	BW_CONTROLS	0.092812	0.246769	0.660420
CG93684	BW_CONTROLS	0.000010	0.000010	0.999980
CG95432	BW_CONTROLS	0.000010	0.003096	0.996894
CG95448	BW_CONTROLS	0.000010	0.001866	0.998124
CG96781	BW_CONTROLS	0.000010	0.002659	0.997331
CG97935	BW_CONTROLS	0.000010	0.000010	0.999980
CG97941	BW_CONTROLS	0.001139	0.000010	0.998851
CG97957	BW_CONTROLS	0.002270	0.000010	0.997720
CG97979	BW_CONTROLS	0.004439	0.000010	0.995551
CH01336	BW_CONTROLS	0.000014	0.000010	0.999976
CH01564	BW_CONTROLS	0.000540	0.000010	0.999450
CH01570	BW_CONTROLS	0.000010	0.000010	0.999980
CH02885	BW_CONTROLS	0.002260	0.001350	0.996390
CU58113	BW_CONTROLS	0.001348	0.003567	0.995085
EGAN00001044421	Afro-Asiatic_Semitic	0.027822	0.553713	0.418465
EGAN00001044423	Afro-Asiatic_Semitic	0.025257	0.530500	0.444243
EGAN00001044424	Afro-Asiatic_Semitic	0.018132	0.542366	0.439502
EGAN00001044425	Afro-Asiatic_Semitic	0.027512	0.541492	0.430996
EGAN00001044426	Afro-Asiatic_Semitic	0.024125	0.558056	0.417819
EGAN00001044427	Afro-Asiatic_Semitic	0.026968	0.535053	0.437979
EGAN00001044428	Afro-Asiatic_Semitic	0.021656	0.524608	0.453735
EGAN00001044429	Afro-Asiatic_Semitic	0.026401	0.546543	0.427056
EGAN00001044430	Afro-Asiatic_Semitic	0.022677	0.551038	0.426285
EGAN00001044431	Afro-Asiatic_Semitic	0.020715	0.563420	0.415865
EGAN00001044432	Afro-Asiatic_Semitic	0.018410	0.543182	0.438409
EGAN00001044433	Afro-Asiatic_Semitic	0.020172	0.539232	0.440596
EGAN00001044434	Afro-Asiatic_Semitic	0.024914	0.552921	0.422164
EGAN00001044435	Afro-Asiatic_Semitic	0.023835	0.563047	0.413119
EGAN00001044436	Afro-Asiatic_Semitic	0.016163	0.568356	0.415481
EGAN00001044437	Afro-Asiatic_Semitic	0.025019	0.561883	0.413098
EGAN00001044438	Afro-Asiatic_Semitic	0.029633	0.513662	0.456705
EGAN00001044439	Afro-Asiatic_Semitic	0.028225	0.547144	0.424630
EGAN00001044440	Afro-Asiatic_Semitic	0.021856	0.556354	0.421790
EGAN00001044441	Afro-Asiatic_Semitic	0.016201	0.571466	0.412334
EGAN00001044442	Afro-Asiatic_Semitic	0.016201	0.574505	0.409294
EGAN00001044443	Afro-Asiatic_Semitic	0.026175	0.520675	0.453150
EGAN00001068937	Niger-Congo_Bantu_South	0.003664	0.000010	0.996326
EGAN00001068938	Niger-Congo_Bantu_South	0.000010	0.006240	0.993750
EGAN00001068943	Niger-Congo_Bantu_South	0.000010	0.006122	0.993868
EGAN00001068947	Niger-Congo_Bantu_South	0.002985	0.001039	0.995976
EGAN00001068950	Niger-Congo_Bantu_South	0.001621	0.000010	0.998369
EGAN00001068954	Niger-Congo_Bantu_South	0.000010	0.002463	0.997527
EGAN00001068957	Niger-Congo_Bantu_South	0.003667	0.004485	0.991847
EGAN00001068959	Niger-Congo_Bantu_South	0.000010	0.006105	0.993885
EGAN00001068962	Niger-Congo_Bantu_South	0.004423	0.000010	0.995567
EGAN00001068963	Niger-Congo_Bantu_South	0.000010	0.007683	0.992307
EGAN00001068964	Niger-Congo_Bantu_South	0.002908	0.004117	0.992975
EGAN00001068965	Niger-Congo_Bantu_South	0.001097	0.001752	0.997151
EGAN00001068966	Niger-Congo_Bantu_South	0.000010	0.002888	0.997102
EGAN00001068967	Niger-Congo_Bantu_South	0.005362	0.000010	0.994628
EGAN00001068968	Niger-Congo_Bantu_South	0.001562	0.000237	0.998202
EGAN00001068969	Niger-Congo_Bantu_South	0.000010	0.000010	0.999980
EGAN00001068970	Niger-Congo_Bantu_South	0.000256	0.000010	0.999734
EGAN00001068971	Niger-Congo_Bantu_South	0.002751	0.000010	0.997239
EGAN00001068972	Niger-Congo_Bantu_South	0.000010	0.000150	0.999840
EGAN00001068973	Niger-Congo_Bantu_South	0.007135	0.000010	0.992855
EGAN00001068974	Niger-Congo_Bantu_South	0.000148	0.000494	0.999358
EGAN00001068975	Niger-Congo_Bantu_South	0.000010	0.000010	0.999980
EGAN00001069124	Niger-Congo_Bantu_South	0.000010	0.000886	0.999104
EGAN00001069125	Niger-Congo_Bantu_South	0.000010	0.003739	0.996251
EGAN00001069126	Niger-Congo_Bantu_South	0.000010	0.006795	0.993195
EGAN00001069127	Niger-Congo_Bantu_South	0.004058	0.005826	0.990116
EGAN00001069128	Niger-Congo_Bantu_South	0.000010	0.006524	0.993466
EGAN00001069129	Niger-Congo_Bantu_South	0.000010	0.008643	0.991347
EGAN00001069130	Niger-Congo_Bantu_South	0.003794	0.002878	0.993328
EGAN00001069131	Niger-Congo_Bantu_South	0.001651	0.000010	0.998339
EGAN00001069132	Niger-Congo_Bantu_South	0.000010	0.001851	0.998139
EGAN00001069133	Niger-Congo_Bantu_South	0.000010	0.002482	0.997508
EGAN00001069134	Niger-Congo_Bantu_South	0.002454	0.000010	0.997536
EGAN00001069135	Niger-Congo_Bantu_South	0.006172	0.000010	0.993818
EGAN00001069136	Niger-Congo_Bantu_South	0.001718	0.011108	0.987174
EGAN00001069137	Niger-Congo_Bantu_South	0.000010	0.010422	0.989568
EGAN00001069138	Niger-Congo_Bantu_South	0.001408	0.003995	0.994597
EGAN00001069139	Niger-Congo_Bantu_South	0.000010	0.004451	0.995539
EGAN00001069140	Niger-Congo_Bantu_South	0.000010	0.003831	0.996159
EGAN00001069141	Niger-Congo_Bantu_South	0.000010	0.168142	0.831848
EGAN00001069142	Niger-Congo_Bantu_South	0.002253	0.000285	0.997462
EGAN00001069143	Niger-Congo_Bantu_South	0.000983	0.000039	0.998978
EGAN00001069144	Niger-Congo_Bantu_South	0.001149	0.000446	0.998406
EGAN00001069145	Niger-Congo_Bantu_South	0.002089	0.000010	0.997901
EGAN00001069146	Niger-Congo_Bantu_South	0.001196	0.006419	0.992385
EGAN00001069147	Niger-Congo_Bantu_South	0.000010	0.004590	0.995400
EGAN00001069148	Niger-Congo_Bantu_South	0.002904	0.003983	0.993114
EGAN00001069149	Niger-Congo_Bantu_South	0.000720	0.006760	0.992521
EGAN00001069150	Niger-Congo_Bantu_South	0.001835	0.005238	0.992927
EGAN00001069151	Niger-Congo_Bantu_South	0.004302	0.005753	0.989946
EGAN00001069152	Niger-Congo_Bantu_South	0.000010	0.019545	0.980445
EGAN00001069153	Niger-Congo_Bantu_South	0.003477	0.000010	0.996513
EGAN00001069154	Niger-Congo_Bantu_South	0.000010	0.005904	0.994086
EGAN00001069155	Niger-Congo_Bantu_South	0.002514	0.000010	0.997476
EGAN00001069156	Niger-Congo_Bantu_South	0.000010	0.008680	0.991310
EGAN00001069157	Niger-Congo_Bantu_South	0.000010	0.006538	0.993452
EGAN00001069158	Niger-Congo_Bantu_South	0.001351	0.003666	0.994983
EGAN00001069159	Niger-Congo_Bantu_South	0.000010	0.003236	0.996754
EGAN00001069160	Niger-Congo_Bantu_South	0.000010	0.005866	0.994124
EGAN00001069161	Niger-Congo_Bantu_South	0.004760	0.010791	0.984449
EGAN00001069162	Niger-Congo_Bantu_South	0.002737	0.004210	0.993053
EGAN00001069163	Niger-Congo_Bantu_South	0.000110	0.004199	0.995691
EGAN00001069164	Niger-Congo_Bantu_South	0.003412	0.011226	0.985362
EGAN00001069165	Niger-Congo_Bantu_South	0.000587	0.004824	0.994589
EGAN00001069166	Niger-Congo_Bantu_South	0.000995	0.003904	0.995101
EGAN00001069168	Niger-Congo_Bantu_South	0.000010	0.000010	0.999980
EGAN00001069169	Niger-Congo_Bantu_South	0.000010	0.000010	0.999980
EGAN00001069170	Niger-Congo_Bantu_South	0.000010	0.000649	0.999341
EGAN00001069171	Niger-Congo_Bantu_South	0.003611	0.001108	0.995281
EGAN00001069172	Niger-Congo_Bantu_South	0.000010	0.010969	0.989021
EGAN00001069173	Niger-Congo_Bantu_South	0.001061	0.005411	0.993528
EGAN00001069174	Niger-Congo_Bantu_South	0.000010	0.008639	0.991351
EGAN00001069175	Niger-Congo_Bantu_South	0.002311	0.003700	0.993989
EGAN00001069176	Niger-Congo_Bantu_South	0.001090	0.009989	0.988921
EGAN00001069177	Niger-Congo_Bantu_South	0.002165	0.010217	0.987618
EGAN00001069178	Niger-Congo_Bantu_South	0.003845	0.000010	0.996145
EGAN00001069179	Niger-Congo_Bantu_South	0.000010	0.014084	0.985906
EGAN00001069180	Niger-Congo_Bantu_South	0.000010	0.004450	0.995540
EGAN00001069181	Niger-Congo_Bantu_South	0.003444	0.000010	0.996546
EGAN00001069182	Niger-Congo_Bantu_South	0.001471	0.000090	0.998439
EGAN00001069183	Niger-Congo_Bantu_South	0.003316	0.002399	0.994285
EGAN00001069184	Niger-Congo_Bantu_South	0.004446	0.000232	0.995321
EGAN00001069185	Niger-Congo_Bantu_South	0.003932	0.006745	0.989323
EGAN00001069186	Niger-Congo_Bantu_South	0.000010	0.000907	0.999083
EGAN00001069187	Niger-Congo_Bantu_South	0.002199	0.006311	0.991490
EGAN00001069188	Niger-Congo_Bantu_South	0.004061	0.007624	0.988315
EGAN00001069189	Niger-Congo_Bantu_South	0.019460	0.034489	0.946051
EGAN00001069190	Niger-Congo_Bantu_South	0.002272	0.006096	0.991633
EGAN00001069193	Niger-Congo_Bantu_South	0.007666	0.006157	0.986177
EGAN00001069194	Niger-Congo_Bantu_South	0.003973	0.000010	0.996017
EGAN00001069195	Niger-Congo_Bantu_South	0.000010	0.000010	0.999980
EGAN00001069196	Niger-Congo_Bantu_South	0.005899	0.003337	0.990763
EGAN00001069197	Niger-Congo_Bantu_South	0.001428	0.004940	0.993632
EGAN00001069198	Niger-Congo_Bantu_South	0.000010	0.003731	0.996259
EGAN00001069199	Niger-Congo_Bantu_South	0.002687	0.010921	0.986393
EGAN00001069200	Niger-Congo_Bantu_South	0.002575	0.003631	0.993795
EGAN00001069201	Niger-Congo_Bantu_South	0.004057	0.003332	0.992610
EGAN00001069202	Niger-Congo_Bantu_South	0.000010	0.007160	0.992830
EGAN00001071672	Afro-Asiatic_Cushitic	0.027705	0.504425	0.467870
EGAN00001071678	Afro-Asiatic_Cushitic	0.015214	0.533311	0.451476
EGAN00001071679	Afro-Asiatic_Cushitic	0.020351	0.524350	0.455298
EGAN00001071689	Afro-Asiatic_Cushitic	0.025076	0.522038	0.452885
EGAN00001071690	Afro-Asiatic_Cushitic	0.022223	0.508317	0.469460
EGAN00001071702	Afro-Asiatic_Cushitic	0.008882	0.521985	0.469133
EGAN00001071703	Afro-Asiatic_Cushitic	0.027710	0.526560	0.445730
EGAN00001071705	Afro-Asiatic_Cushitic	0.023674	0.447309	0.529017
EGAN00001071714	Afro-Asiatic_Cushitic	0.027090	0.521092	0.451818
EGAN00001071715	Afro-Asiatic_Cushitic	0.021299	0.508542	0.470159
EGAN00001071717	Afro-Asiatic_Cushitic	0.015291	0.433458	0.551251
EGAN00001071721	Afro-Asiatic_Cushitic	0.020219	0.516714	0.463067
EGAN00001071722	Afro-Asiatic_Cushitic	0.025090	0.502004	0.472907
EGAN00001071723	Afro-Asiatic_Cushitic	0.025190	0.508442	0.466368
EGAN00001071735	Afro-Asiatic_Cushitic	0.031147	0.500842	0.468011
EGAN00001071736	Afro-Asiatic_Cushitic	0.035933	0.486485	0.477582
EGAN00001071737	Afro-Asiatic_Cushitic	0.022737	0.437533	0.539729
EGAN00001071746	Afro-Asiatic_Cushitic	0.022289	0.524805	0.452906
EGAN00001071747	Afro-Asiatic_Cushitic	0.024626	0.426424	0.548950
EGAN00001071752	Afro-Asiatic_Cushitic	0.023939	0.446664	0.529397
EGAN00001071759	Afro-Asiatic_Cushitic	0.027254	0.495125	0.477621
EGAN00001071760	Afro-Asiatic_Cushitic	0.020862	0.450464	0.528674
EGAN00001071762	Afro-Asiatic_Cushitic	0.023191	0.437719	0.539090
EGAN00001071768	Afro-Asiatic_Cushitic	0.020659	0.543381	0.435960
EGAN00001071770	Afro-Asiatic_Cushitic	0.021084	0.552988	0.425928
EGAN00001071771	Afro-Asiatic_Cushitic	0.027237	0.508896	0.463867
EGAN00001071772	Afro-Asiatic_Cushitic	0.022942	0.445432	0.531626
EGAN00001071778	Afro-Asiatic_Cushitic	0.028614	0.488605	0.482780
EGAN00001071782	Afro-Asiatic_Cushitic	0.021337	0.436861	0.541802
EGAN00001071784	Afro-Asiatic_Cushitic	0.016047	0.447291	0.536662
EGAN00001071792	Afro-Asiatic_Cushitic	0.027281	0.516925	0.455794
EGAN00001071794	Afro-Asiatic_Cushitic	0.018612	0.441582	0.539807
EGAN00001071795	Afro-Asiatic_Cushitic	0.016183	0.439658	0.544159
EGAN00001071805	Afro-Asiatic_Cushitic	0.019980	0.534859	0.445160
EGAN00001071806	Afro-Asiatic_Cushitic	0.022241	0.561664	0.416095
EGAN00001071807	Afro-Asiatic_Cushitic	0.025194	0.432193	0.542612
EGAN00001071808	Afro-Asiatic_Cushitic	0.023568	0.426904	0.549528
EGAN00001071816	Afro-Asiatic_Cushitic	0.014870	0.427043	0.558087
EGAN00001071818	Afro-Asiatic_Cushitic	0.025027	0.384138	0.590834
EGAN00001071819	Afro-Asiatic_Cushitic	0.023161	0.425827	0.551012
EGAN00001071820	Afro-Asiatic_Cushitic	0.021510	0.428021	0.550469
EGAN00001071821	Afro-Asiatic_Cushitic	0.021096	0.425543	0.553361
EGAN00001071822	Afro-Asiatic_Cushitic	0.019737	0.441605	0.538657
EGAN00001071823	Afro-Asiatic_Cushitic	0.017004	0.449331	0.533665
EGAN00001071824	Afro-Asiatic_Cushitic	0.025407	0.419814	0.554779
EGAN00001071825	Afro-Asiatic_Cushitic	0.024021	0.428434	0.547545
EGAN00001071826	Afro-Asiatic_Cushitic	0.028001	0.415665	0.556334
EGAN00001071827	Afro-Asiatic_Omotic	0.032865	0.438028	0.529106
EGAN00001071828	Afro-Asiatic_Omotic	0.035212	0.421287	0.543502
EGAN00001071829	Afro-Asiatic_Omotic	0.030556	0.439982	0.529462
EGAN00001071830	Afro-Asiatic_Omotic	0.040279	0.396469	0.563252
EGAN00001071831	Afro-Asiatic_Omotic	0.035587	0.385681	0.578732
EGAN00001071832	Afro-Asiatic_Omotic	0.029733	0.453900	0.516368
EGAN00001071833	Afro-Asiatic_Omotic	0.033598	0.441121	0.525281
EGAN00001071834	Afro-Asiatic_Omotic	0.038640	0.371315	0.590045
EGAN00001071835	Afro-Asiatic_Omotic	0.020730	0.478181	0.501089
EGAN00001071836	Afro-Asiatic_Omotic	0.022544	0.438126	0.539330
EGAN00001071837	Afro-Asiatic_Omotic	0.028207	0.466651	0.505142
EGAN00001071838	Afro-Asiatic_Omotic	0.039091	0.401563	0.559345
EGAN00001071839	Afro-Asiatic_Omotic	0.033386	0.398447	0.568167
EGAN00001071840	Afro-Asiatic_Omotic	0.027184	0.453933	0.518883
EGAN00001071841	Afro-Asiatic_Omotic	0.024533	0.435892	0.539575
EGAN00001071842	Afro-Asiatic_Omotic	0.034556	0.444981	0.520462
EGAN00001071843	Afro-Asiatic_Omotic	0.028341	0.452031	0.519628
EGAN00001071844	Afro-Asiatic_Omotic	0.019257	0.483232	0.497511
EGAN00001071845	Afro-Asiatic_Omotic	0.024992	0.428544	0.546464
EGAN00001071846	Afro-Asiatic_Omotic	0.031611	0.414091	0.554298
EGAN00001071847	Afro-Asiatic_Omotic	0.024698	0.448369	0.526933
EGAN00001071848	Afro-Asiatic_Omotic	0.036258	0.373545	0.590196
EGAN00001071849	Afro-Asiatic_Omotic	0.032334	0.438177	0.529490
EGAN00001071850	Afro-Asiatic_Omotic	0.035330	0.430233	0.534437
EGAN00001101667	Afro-Asiatic	0.007636	0.838000	0.154364
EGAN00001101668	Afro-Asiatic	0.000010	0.832699	0.167291
EGAN00001101669	Afro-Asiatic	0.012919	0.823552	0.163529
EGAN00001101670	Afro-Asiatic	0.004289	0.803079	0.192632
EGAN00001101671	Afro-Asiatic	0.001226	0.816209	0.182565
EGAN00001101672	Afro-Asiatic	0.000010	0.886111	0.113879
EGAN00001101676	Afro-Asiatic	0.001400	0.816815	0.181786
EGAN00001101677	Afro-Asiatic	0.008811	0.831098	0.160090
EGAN00001101678	Afro-Asiatic	0.004925	0.829184	0.165891
EGAN00001101679	Afro-Asiatic	0.007965	0.803181	0.188855
EGAN00001101680	Afro-Asiatic	0.002764	0.832746	0.164490
EGAN00001101681	Afro-Asiatic	0.004307	0.815155	0.180538
EGAN00001101682	Afro-Asiatic	0.009045	0.814205	0.176750
EGAN00001101687	Afro-Asiatic	0.006216	0.887424	0.106360
EGAN00001101688	Afro-Asiatic	0.004566	0.836638	0.158796
EGAN00001101689	Afro-Asiatic	0.000126	0.832701	0.167173
EGAN00001101690	Afro-Asiatic	0.001663	0.806820	0.191516
EGAN00001101692	Afro-Asiatic	0.004506	0.828062	0.167432
EGAN00001101694	Afro-Asiatic	0.007570	0.816622	0.175808
EGAN00001101699	Afro-Asiatic	0.007379	0.812328	0.180293
EGAN00001101700	Afro-Asiatic	0.003638	0.832011	0.164351
EGAN00001101702	Afro-Asiatic	0.007034	0.824025	0.168941
EGAN00001101705	Afro-Asiatic	0.005293	0.859283	0.135425
EGAN00001101706	Afro-Asiatic	0.000010	0.781633	0.218357
EGAN00001101711	Afro-Asiatic	0.000010	0.809981	0.190009
EGAN00001101712	Afro-Asiatic	0.010520	0.838297	0.151183
EGAN00001101713	Afro-Asiatic	0.010904	0.835335	0.153761
EGAN00001101716	Afro-Asiatic	0.006210	0.836051	0.157739
EGAN00001101717	Afro-Asiatic	0.012549	0.800088	0.187363
EGAN00001101718	Afro-Asiatic	0.011067	0.814566	0.174367
EGAN00001101719	Afro-Asiatic	0.008770	0.844093	0.147138
EGAN00001101723	Afro-Asiatic	0.000010	0.848334	0.151656
EGAN00001101724	Afro-Asiatic	0.006769	0.792746	0.200485
EGAN00001101725	Afro-Asiatic	0.012657	0.791569	0.195774
EGAN00001101732	Afro-Asiatic	0.014779	0.816609	0.168612
EGAN00001101734	Afro-Asiatic	0.000010	0.791617	0.208373
EGAN00001101735	Afro-Asiatic	0.007617	0.835947	0.156436
EGAN00001101736	Afro-Asiatic	0.008473	0.790170	0.201356
EGAN00001101737	Afro-Asiatic	0.000200	0.832272	0.167528
EGAN00001101739	Afro-Asiatic	0.001610	0.847020	0.151369
EGAN00001101742	Afro-Asiatic	0.005574	0.843439	0.150987
EGAN00001101744	Afro-Asiatic	0.005834	0.840346	0.153821
EGAN00001101748	Afro-Asiatic	0.006598	0.825484	0.167917
EGAN00001101749	Afro-Asiatic	0.006285	0.819016	0.174699
EGAN00001101750	Afro-Asiatic	0.004328	0.835342	0.160330
EGAN00001101751	Afro-Asiatic	0.010754	0.678539	0.310707
EGAN00001101752	Afro-Asiatic	0.000010	0.861979	0.138011
EGAN00001101753	Afro-Asiatic	0.263637	0.736353	0.000010
EGAN00001101754	Afro-Asiatic	0.009389	0.826685	0.163926
EGAN00001101755	Afro-Asiatic	0.001314	0.825611	0.173075
EGAN00001101756	Afro-Asiatic	0.001922	0.828405	0.169673
EGAN00001101758	Afro-Asiatic	0.000010	0.813654	0.186336
EGAN00001101759	Afro-Asiatic	0.010180	0.831758	0.158061
EGAN00001101761	Afro-Asiatic	0.000680	0.842620	0.156701
EGAN00001101767	Afro-Asiatic	0.006761	0.850522	0.142717
EGAN00001101768	Afro-Asiatic	0.000010	0.796412	0.203578
EGAN00001101769	Afro-Asiatic	0.007215	0.831610	0.161175
EGAN00001101771	Afro-Asiatic	0.011236	0.812308	0.176456
EGAN00001101772	Afro-Asiatic	0.003938	0.832478	0.163584
EGAN00001101774	Afro-Asiatic	0.000010	0.841179	0.158811
EGAN00001101776	Afro-Asiatic	0.013018	0.969652	0.017329
EGAN00001101780	Afro-Asiatic	0.006501	0.841146	0.152353
EGAN00001101781	Afro-Asiatic	0.004379	0.811251	0.184370
EGAN00001101782	Afro-Asiatic	0.000010	0.837956	0.162034
EGAN00001101783	Afro-Asiatic	0.007360	0.880506	0.112134
EGAN00001101784	Afro-Asiatic	0.002538	0.840405	0.157057
EGAN00001101786	Afro-Asiatic	0.004043	0.782710	0.213247
EGAN00001101787	Afro-Asiatic	0.000010	0.828897	0.171093
EGAN00001101788	Afro-Asiatic	0.009081	0.836045	0.154874
EGAN00001101791	Afro-Asiatic	0.003473	0.826903	0.169624
EGAN00001101792	Afro-Asiatic	0.005051	0.818766	0.176183
EGAN00001101793	Afro-Asiatic	0.007827	0.697687	0.294485
EGAN00001101794	Afro-Asiatic	0.012220	0.849000	0.138780
EGAN00001101796	Afro-Asiatic	0.015171	0.961132	0.023696
EGAN00001101798	Afro-Asiatic	0.005522	0.821506	0.172972
EGAN00001101799	Afro-Asiatic	0.000084	0.825265	0.174651
EGAN00001101801	Afro-Asiatic	0.004108	0.889308	0.106584
EGAN00001101802	Afro-Asiatic	0.003484	0.835625	0.160891
EGAN00001101803	Afro-Asiatic	0.002069	0.777285	0.220645
EGAN00001101804	Afro-Asiatic	0.008463	0.822823	0.168715
EGAN00001101807	Afro-Asiatic	0.010466	0.786474	0.203060
EGAN00001101808	Afro-Asiatic	0.003034	0.824053	0.172913
EGAN00001101809	Afro-Asiatic	0.010719	0.824933	0.164347
EGAN00001101813	Afro-Asiatic	0.002250	0.777117	0.220632
EGAN00001101814	Afro-Asiatic	0.006398	0.830023	0.163579
EGAN00001101816	Afro-Asiatic	0.005859	0.809479	0.184662
EGAN00001101819	Afro-Asiatic	0.006301	0.871240	0.122458
EGAN00001101820	Afro-Asiatic	0.001865	0.825277	0.172859
EGAN00001101823	Afro-Asiatic	0.003015	0.821773	0.175211
EGAN00001101824	Afro-Asiatic	0.002596	0.829746	0.167658
EGAN00001101825	Afro-Asiatic	0.001273	0.852313	0.146414
EGAN00001101827	Afro-Asiatic	0.007928	0.803428	0.188645
EGAN00001101829	Afro-Asiatic	0.004897	0.829608	0.165495
EGAN00001101830	Afro-Asiatic	0.000010	0.825320	0.174670
EGAN00001101831	Afro-Asiatic	0.003888	0.804721	0.191391
EGAN00001101835	Afro-Asiatic	0.002923	0.836067	0.161010
EGAN00001101839	Afro-Asiatic	0.006960	0.773491	0.219548
EGAN00001101840	Afro-Asiatic	0.000010	0.780933	0.219057
EGAN00001101841	Afro-Asiatic	0.003176	0.838664	0.158160
EGAN00001160535	Niger_Congo_Bantu	0.004555	0.006035	0.989410
EGAN00001160545	Niger_Congo_Bantu	0.002637	0.014872	0.982491
EGAN00001160546	Niger_Congo_Bantu	0.011530	0.262217	0.726254
EGAN00001160550	Niger_Congo_Bantu	0.015077	0.088170	0.896754
EGAN00001160554	Niger_Congo_Bantu	0.005605	0.109090	0.885305
EGAN00001160564	Niger_Congo_Bantu	0.011468	0.031907	0.956625
EGAN00001160567	Niger_Congo_Bantu	0.002013	0.033846	0.964142
EGAN00001160574	Niger_Congo_Bantu	0.008803	0.092252	0.898945
EGAN00001160575	Niger_Congo_Bantu	0.003555	0.109029	0.887416
EGAN00001160578	Niger_Congo_Bantu	0.010766	0.042976	0.946258
EGAN00001160585	Niger_Congo_Bantu	0.004214	0.052038	0.943748
EGAN00001160590	Niger_Congo_Bantu	0.003106	0.095151	0.901744
EGAN00001160622	Niger_Congo_Bantu	0.003151	0.062996	0.933853
EGAN00001160625	Niger_Congo_Bantu	0.010523	0.046660	0.942817
EGAN00001160628	Niger_Congo_Bantu	0.010605	0.032777	0.956618
EGAN00001160640	Niger_Congo_Bantu	0.003255	0.019260	0.977484
EGAN00001160655	Niger_Congo_Bantu	0.011875	0.166971	0.821154
EGAN00001160668	Niger_Congo_Bantu	0.000010	0.010267	0.989723
EGAN00001160687	Niger_Congo_Bantu	0.010386	0.021983	0.967631
EGAN00001160693	Niger_Congo_Bantu	0.005742	0.136599	0.857659
EGAN00001160705	Niger_Congo_Bantu	0.001809	0.031424	0.966767
EGAN00001160714	Niger_Congo_Bantu	0.011317	0.071338	0.917345
EGAN00001160764	Niger_Congo_Bantu	0.000010	0.016347	0.983643
EGAN00001160765	Niger_Congo_Bantu	0.000010	0.013121	0.986869
EGAN00001160766	Niger_Congo_Bantu	0.003088	0.020241	0.976671
EGAN00001160769	Niger_Congo_Bantu	0.009910	0.015743	0.974347
EGAN00001160787	Niger_Congo_Bantu	0.000010	0.028484	0.971506
EGAN00001160788	Niger_Congo_Bantu	0.011424	0.068791	0.919785
EGAN00001160791	Niger_Congo_Bantu	0.005239	0.029037	0.965724
EGAN00001160799	Niger_Congo_Bantu	0.009040	0.163091	0.827869
EGAN00001160819	Niger_Congo_Bantu	0.007536	0.101706	0.890759
EGAN00001160820	Niger_Congo_Bantu	0.005469	0.057510	0.937021
EGAN00001160826	Niger_Congo_Bantu	0.004417	0.019909	0.975674
EGAN00001160829	Niger_Congo_Bantu	0.012031	0.174149	0.813820
EGAN00001160831	Niger_Congo_Bantu	0.005387	0.029170	0.965443
EGAN00001160834	Niger_Congo_Bantu	0.008838	0.089529	0.901632
EGAN00001160835	Niger_Congo_Bantu	0.005436	0.152304	0.842260
EGAN00001160845	Niger_Congo_Bantu	0.009467	0.164426	0.826107
EGAN00001160849	Niger_Congo_Bantu	0.009536	0.012645	0.977819
EGAN00001160854	Niger_Congo_Bantu	0.002575	0.020416	0.977010
EGAN00001160857	Niger_Congo_Bantu	0.004212	0.021740	0.974048
EGAN00001160859	Niger_Congo_Bantu	0.002362	0.021439	0.976200
EGAN00001160866	Niger_Congo_Bantu	0.000804	0.023858	0.975338
EGAN00001160867	Niger_Congo_Bantu	0.006648	0.010315	0.983038
EGAN00001160869	Niger_Congo_Bantu	0.000010	0.026274	0.973716
EGAN00001160870	Niger_Congo_Bantu	0.000010	0.010926	0.989064
EGAN00001160885	Niger_Congo_Bantu	0.005403	0.033119	0.961477
EGAN00001160892	Niger_Congo_Bantu	0.000010	0.042737	0.957253
EGAN00001160897	Niger_Congo_Bantu	0.008608	0.059289	0.932103
EGAN00001160902	Niger_Congo_Bantu	0.006412	0.042308	0.951280
EGAN00001160904	Niger_Congo_Bantu	0.000010	0.047922	0.952068
EGAN00001160905	Niger_Congo_Bantu	0.000072	0.017202	0.982726
EGAN00001160913	Niger_Congo_Bantu	0.002572	0.013492	0.983935
EGAN00001160923	Niger_Congo_Bantu	0.002366	0.075024	0.922610
EGAN00001160927	Niger_Congo_Bantu	0.005977	0.011577	0.982445
EGAN00001160929	Niger_Congo_Bantu	0.004973	0.028950	0.966077
EGAN00001160934	Niger_Congo_Bantu	0.004416	0.016853	0.978731
EGAN00001160970	Niger_Congo_Bantu	0.005252	0.110374	0.884374
EGAN00001160976	Niger_Congo_Bantu	0.003491	0.052567	0.943943
EGAN00001160979	Niger_Congo_Bantu	0.002186	0.055876	0.941938
EGAN00001160983	Niger_Congo_Bantu	0.007043	0.011453	0.981503
EGAN00001160986	Niger_Congo_Bantu	0.005607	0.079164	0.915229
EGAN00001160993	Niger_Congo_Bantu	0.000639	0.024842	0.974519
EGAN00001160995	Niger_Congo_Bantu	0.006405	0.012721	0.980874
EGAN00001161005	Niger_Congo_Bantu	0.008905	0.132649	0.858446
EGAN00001161009	Niger_Congo_Bantu	0.014029	0.077106	0.908866
EGAN00001161013	Niger_Congo_Bantu	0.000010	0.150277	0.849713
EGAN00001161017	Niger_Congo_Bantu	0.005254	0.018489	0.976257
EGAN00001161020	Niger_Congo_Bantu	0.003231	0.040939	0.955830
EGAN00001161024	Niger_Congo_Bantu	0.010572	0.121227	0.868200
EGAN00001161028	Niger_Congo_Bantu	0.010736	0.019734	0.969530
EGAN00001161036	Niger_Congo_Bantu	0.006989	0.100953	0.892058
EGAN00001161044	Niger_Congo_Bantu	0.000586	0.019671	0.979743
EGAN00001161047	Niger_Congo_Bantu	0.001352	0.023373	0.975275
EGAN00001161059	Niger_Congo_Bantu	0.005806	0.020570	0.973625
EGAN00001161072	Niger_Congo_Bantu	0.010970	0.105220	0.883810
EGAN00001161093	Niger_Congo_Bantu	0.002436	0.017531	0.980033
EGAN00001161102	Niger_Congo_Bantu	0.014960	0.083620	0.901420
EGAN00001161118	Niger_Congo_Bantu	0.005051	0.081941	0.913008
EGAN00001161127	Niger_Congo_Bantu	0.009157	0.039194	0.951649
EGAN00001161136	Niger_Congo_Bantu	0.011514	0.053633	0.934854
EGAN00001161141	Niger_Congo_Bantu	0.000010	0.014510	0.985480
EGAN00001161145	Niger_Congo_Bantu	0.003176	0.010938	0.985886
EGAN00001161146	Niger_Congo_Bantu	0.004038	0.118381	0.877581
EGAN00001161151	Niger_Congo_Bantu	0.002206	0.037198	0.960596
EGAN00001161174	Niger_Congo_Bantu	0.003618	0.029200	0.967181
EGAN00001161180	Niger_Congo_Bantu	0.004639	0.020261	0.975100
EGAN00001161182	Niger_Congo_Bantu	0.000010	0.043749	0.956241
EGAN00001161190	Niger_Congo_Bantu	0.009417	0.117057	0.873526
EGAN00001161191	Niger_Congo_Bantu	0.002622	0.017304	0.980074
EGAN00001161196	Niger_Congo_Bantu	0.005855	0.024508	0.969637
EGAN00001161202	Niger_Congo_Bantu	0.005492	0.016475	0.978033
EGAN00001161203	Niger_Congo_Bantu	0.000010	0.005154	0.994836
EGAN00001161211	Niger_Congo_Bantu	0.000010	0.055019	0.944971
EGAN00001161213	Niger_Congo_Bantu	0.000823	0.014707	0.984470
EGAN00001161215	Niger_Congo_Bantu	0.005232	0.043554	0.951214
EGAN00001161223	Niger_Congo_Bantu	0.002315	0.063636	0.934049
EGAN00001161231	Niger_Congo_Bantu	0.000010	0.017527	0.982463
EGAN00001161232	Niger_Congo_Bantu	0.007244	0.009690	0.983066
EGAN00001161238	Niger_Congo_Bantu	0.003272	0.016413	0.980316
EGAN00001161273	Niger_Congo_Bantu	0.002405	0.077979	0.919616
EGAN00001161275	Niger_Congo_Bantu	0.005624	0.047793	0.946582
EGAN00001161276	Niger_Congo_Bantu	0.002487	0.044688	0.952825
EGAN00001161280	Niger_Congo_Bantu	0.005872	0.061478	0.932650
EGAN00001161284	Niger_Congo_Bantu	0.009345	0.008194	0.982461
EGAN00001161287	Niger_Congo_Bantu	0.002285	0.023871	0.973844
EGAN00001161294	Niger_Congo_Bantu	0.006148	0.023440	0.970412
EGAN00001161297	Niger_Congo_Bantu	0.013527	0.100736	0.885737
EGAN00001161298	Niger_Congo_Bantu	0.010258	0.103851	0.885890
EGAN00001161301	Niger_Congo_Bantu	0.013059	0.097484	0.889457
EGAN00001161304	Niger_Congo_Bantu	0.007380	0.030079	0.962541
EGAN00001161313	Niger_Congo_Bantu	0.003649	0.060076	0.936276
EGAN00001161315	Niger_Congo_Bantu	0.007433	0.054052	0.938515
EGAN00001161316	Niger_Congo_Bantu	0.007103	0.114975	0.877922
EGAN00001161319	Niger_Congo_Bantu	0.000010	0.014418	0.985572
EGAN00001161320	Niger_Congo_Bantu	0.000288	0.026703	0.973009
EGAN00001161321	Niger_Congo_Bantu	0.004000	0.028428	0.967572
EGAN00001161328	Niger_Congo_Bantu	0.004361	0.057984	0.937656
EGAN00001161329	Niger_Congo_Bantu	0.015626	0.116937	0.867438
EGAN00001161332	Niger_Congo_Bantu	0.000604	0.032938	0.966458
EGAN00001161336	Niger_Congo_Bantu	0.007763	0.062950	0.929288
EGAN00001161363	Niger_Congo_Bantu	0.016552	0.096845	0.886603
EGAN00001161375	Niger_Congo_Bantu	0.006878	0.044031	0.949092
EGAN00001161377	Niger_Congo_Bantu	0.000489	0.010929	0.988582
EGAN00001161393	Niger_Congo_Bantu	0.001526	0.018944	0.979530
EGAN00001161396	Niger_Congo_Bantu	0.011380	0.106366	0.882254
EGAN00001161417	Niger_Congo_Bantu	0.004792	0.034658	0.960550
EGAN00001161418	Niger_Congo_Bantu	0.002351	0.080562	0.917087
EGAN00001161422	Niger_Congo_Bantu	0.001266	0.035547	0.963187
EGAN00001161428	Niger_Congo_Bantu	0.005049	0.073022	0.921929
EGAN00001161431	Niger_Congo_Bantu	0.012732	0.117916	0.869352
EGAN00001161436	Niger_Congo_Bantu	0.004305	0.007016	0.988679
EGAN00001161438	Niger_Congo_Bantu	0.004822	0.043661	0.951517
EGAN00001161440	Niger_Congo_Bantu	0.000010	0.067132	0.932858
EGAN00001161447	Niger_Congo_Bantu	0.007686	0.155537	0.836777
EGAN00001161452	Niger_Congo_Bantu	0.001266	0.043787	0.954947
EGAN00001161454	Niger_Congo_Bantu	0.003448	0.084360	0.912192
EGAN00001161466	Niger_Congo_Bantu	0.000010	0.012906	0.987084
EGAN00001161467	Niger_Congo_Bantu	0.010787	0.158552	0.830661
EGAN00001161473	Niger_Congo_Bantu	0.011900	0.052072	0.936028
EGAN00001161477	Niger_Congo_Bantu	0.004003	0.049421	0.946576
EGAN00001161493	Niger_Congo_Bantu	0.003423	0.015867	0.980709
EGAN00001161501	Niger_Congo_Bantu	0.005011	0.010906	0.984084
EGAN00001161511	Niger_Congo_Bantu	0.007027	0.076929	0.916045
EGAN00001161515	Niger_Congo_Bantu	0.006457	0.037477	0.956066
EGAN00001161516	Niger_Congo_Bantu	0.000010	0.024493	0.975497
EGAN00001161523	Niger_Congo_Bantu	0.005904	0.019629	0.974467
EGAN00001161524	Niger_Congo_Bantu	0.007393	0.073061	0.919546
EGAN00001161525	Niger_Congo_Bantu	0.003888	0.094634	0.901478
EGAN00001161537	Niger_Congo_Bantu	0.006391	0.103912	0.889698
EGAN00001161539	Niger_Congo_Bantu	0.005740	0.092615	0.901644
EGAN00001161540	Niger_Congo_Bantu	0.009855	0.012246	0.977900
EGAN00001161551	Niger_Congo_Bantu	0.002124	0.019469	0.978406
EGAN00001161555	Niger_Congo_Bantu	0.005219	0.024949	0.969832
EGAN00001161557	Niger_Congo_Bantu	0.007882	0.018588	0.973530
EGAN00001161562	Niger_Congo_Bantu	0.001218	0.017091	0.981691
EGAN00001161565	Niger_Congo_Bantu	0.004660	0.101426	0.893914
EGAN00001161576	Niger_Congo_Bantu	0.007394	0.034330	0.958276
EGAN00001161581	Niger_Congo_Bantu	0.000010	0.024889	0.975101
EGAN00001161592	Niger_Congo_Bantu	0.012395	0.009632	0.977973
EGAN00001161593	Niger_Congo_Bantu	0.001929	0.036165	0.961905
EGAN00001161610	Niger_Congo_Bantu	0.000141	0.110909	0.888951
EGAN00001161617	Niger_Congo_Bantu	0.009573	0.004590	0.985837
EGAN00001161619	Niger_Congo_Bantu	0.000010	0.015769	0.984221
EGAN00001161621	Niger_Congo_Bantu	0.005044	0.089142	0.905813
EGAN00001161624	Niger_Congo_Bantu	0.004703	0.068198	0.927100
EGAN00001161626	Niger_Congo_Bantu	0.002132	0.014743	0.983125
EGAN00001161628	Niger_Congo_Bantu	0.006046	0.015104	0.978849
EGAN00001161629	Niger_Congo_Bantu	0.006926	0.017702	0.975372
EGAN00001161630	Niger_Congo_Bantu	0.014533	0.042573	0.942893
EGAN00001161636	Niger_Congo_Bantu	0.000010	0.012697	0.987293
EGAN00001161644	Niger_Congo_Bantu	0.005866	0.009817	0.984316
EGAN00001161645	Niger_Congo_Bantu	0.013927	0.103709	0.882365
EGAN00001161651	Niger_Congo_Bantu	0.002771	0.027211	0.970018
EGAN00001161661	Niger_Congo_Bantu	0.002566	0.027954	0.969481
EGAN00001161667	Niger_Congo_Bantu	0.005036	0.011264	0.983701
EGAN00001161670	Niger_Congo_Bantu	0.008647	0.024979	0.966374
EGAN00001161674	Niger_Congo_Bantu	0.002011	0.026679	0.971310
EGAN00001161682	Niger_Congo_Bantu	0.004529	0.123546	0.871925
EGAN00001161685	Niger_Congo_Bantu	0.004784	0.106768	0.888448
EGAN00001161688	Niger_Congo_Bantu	0.000929	0.009719	0.989352
EGAN00001161689	Niger_Congo_Bantu	0.001360	0.050233	0.948407
EGAN00001161691	Niger_Congo_Bantu	0.000789	0.021648	0.977563
EGAN00001161705	Niger_Congo_Bantu	0.000074	0.039575	0.960351
EGAN00001161706	Niger_Congo_Bantu	0.000010	0.046666	0.953324
EGAN00001161708	Niger_Congo_Bantu	0.000010	0.015582	0.984408
EGAN00001161709	Niger_Congo_Bantu	0.001572	0.047038	0.951390
EGAN00001161715	Niger_Congo_Bantu	0.002518	0.092084	0.905398
EGAN00001161718	Niger_Congo_Bantu	0.008915	0.123142	0.867944
EGAN00001161721	Niger_Congo_Bantu	0.002855	0.039176	0.957968
EGAN00001161728	Niger_Congo_Bantu	0.007801	0.010862	0.981337
EGAN00001161731	Niger_Congo_Bantu	0.001705	0.031991	0.966305
EGAN00001161735	Niger_Congo_Bantu	0.007078	0.050618	0.942305
EGAN00001161737	Niger_Congo_Bantu	0.003013	0.020956	0.976030
EGAN00001161739	Niger_Congo_Bantu	0.005438	0.034034	0.960528
EGAN00001161750	Niger_Congo_Bantu	0.007106	0.007937	0.984956
EGAN00001161763	Niger_Congo_Bantu	0.009315	0.058916	0.931769
EGAN00001161766	Niger_Congo_Bantu	0.004540	0.008681	0.986779
EGAN00001161770	Niger_Congo_Bantu	0.002694	0.011192	0.986114
EGAN00001161774	Niger_Congo_Bantu	0.004300	0.021935	0.973765
EGAN00001161784	Niger_Congo_Bantu	0.006022	0.028031	0.965946
EGAN00001161787	Niger_Congo_Bantu	0.012135	0.079731	0.908134
EGAN00001161790	Niger_Congo_Bantu	0.001213	0.013180	0.985607
EGAN00001161792	Niger_Congo_Bantu	0.005861	0.006825	0.987314
EGAN00001161795	Niger_Congo_Bantu	0.005341	0.078557	0.916102
