0.309798 0.651299 0.007684 0.031219
0.177651 0.822198 0.000141 0.000010
0.391379 0.608601 0.000010 0.000010
0.401904 0.598076 0.000010 0.000010
0.363692 0.636288 0.000010 0.000010
0.405356 0.594624 0.000010 0.000010
0.004348 0.982882 0.000520 0.012250
0.003672 0.969957 0.008904 0.017467
0.000010 0.999970 0.000010 0.000010
0.000010 0.991254 0.000010 0.008726
0.003734 0.955838 0.000010 0.040418
0.002857 0.946631 0.004819 0.045693
0.000010 0.979006 0.003616 0.017368
0.005094 0.987753 0.000722 0.006432
0.008762 0.960455 0.005095 0.025688
0.003094 0.983229 0.000010 0.013667
0.000588 0.980061 0.002918 0.016433
0.000010 0.980391 0.001677 0.017921
0.004392 0.967849 0.003414 0.024344
0.003403 0.986966 0.000010 0.009621
0.000010 0.972133 0.001314 0.026543
0.000010 0.993982 0.003830 0.002178
0.002321 0.981690 0.002756 0.013233
0.000010 0.968323 0.004912 0.026755
0.008394 0.952795 0.008360 0.030450
0.000010 0.991567 0.003329 0.005094
0.006146 0.955735 0.006455 0.031664
0.000010 0.979782 0.002770 0.017437
0.000010 0.984018 0.005336 0.010636
0.007001 0.978748 0.003782 0.010469
0.010337 0.900198 0.001449 0.088015
0.006247 0.984456 0.009287 0.000010
0.000010 0.988761 0.003001 0.008228
0.013709 0.887339 0.006398 0.092553
0.002251 0.981764 0.000010 0.015975
0.005892 0.973069 0.007026 0.014012
0.006344 0.974028 0.006313 0.013316
0.001690 0.995195 0.000010 0.003106
0.001094 0.927230 0.006114 0.065562
0.001409 0.980781 0.000010 0.017800
0.000803 0.988688 0.003132 0.007378
0.011011 0.975666 0.000010 0.013313
0.000011 0.990372 0.000010 0.009607
0.000010 0.972759 0.000120 0.027111
0.000745 0.977549 0.001521 0.020184
0.020116 0.911836 0.007729 0.060320
0.000011 0.969794 0.000010 0.030185
0.000010 0.964176 0.007536 0.028278
0.005171 0.976431 0.000421 0.017977
0.000010 0.990344 0.000010 0.009636
0.000010 0.992362 0.004711 0.002917
0.002671 0.971619 0.002434 0.023276
0.000010 0.972299 0.000010 0.027681
0.001707 0.970828 0.000941 0.026524
0.000010 0.969694 0.001701 0.028595
0.000011 0.988973 0.000010 0.011006
0.019898 0.958820 0.002307 0.018975
0.031901 0.899322 0.009608 0.059169
0.014300 0.906142 0.008374 0.071184
0.000010 0.981883 0.006064 0.012043
0.007231 0.954152 0.003086 0.035531
0.014068 0.961531 0.001137 0.023265
0.000010 0.990227 0.001307 0.008456
0.000350 0.955496 0.000010 0.044143
0.000010 0.969943 0.005055 0.024992
0.000010 0.977437 0.001935 0.020618
0.000011 0.988206 0.000010 0.011773
0.000010 0.970695 0.007949 0.021346
0.001872 0.945959 0.003528 0.048641
0.000010 0.978464 0.000961 0.020565
0.029167 0.948384 0.002844 0.019605
0.004660 0.978179 0.010550 0.006611
0.018131 0.938082 0.000010 0.043777
0.013403 0.973894 0.001773 0.010930
0.000010 0.982092 0.006098 0.011800
0.011276 0.951719 0.006810 0.030195
0.000010 0.980226 0.000010 0.019754
0.002142 0.974912 0.005435 0.017511
0.000010 0.984103 0.004876 0.011011
0.033406 0.878229 0.008345 0.080021
0.012725 0.905497 0.003521 0.078257
0.001749 0.984188 0.004304 0.009759
0.000010 0.993157 0.002725 0.004108
0.013511 0.891264 0.000010 0.095214
0.017027 0.974513 0.000010 0.008450
0.002454 0.986675 0.003833 0.007038
0.000010 0.965293 0.000010 0.034687
0.008198 0.971385 0.001059 0.019358
0.000010 0.993115 0.000010 0.006865
0.007335 0.979285 0.000010 0.013370
0.000010 0.982248 0.000010 0.017732
0.011182 0.979678 0.001650 0.007491
0.007062 0.972584 0.000010 0.020344
0.014427 0.963025 0.000010 0.022538
0.005937 0.986908 0.002564 0.004592
0.012731 0.957130 0.001516 0.028623
0.013023 0.945679 0.006447 0.034851
0.000010 0.989540 0.001964 0.008485
0.004936 0.981605 0.003343 0.010117
0.002767 0.986583 0.000843 0.009807
0.008789 0.981768 0.002418 0.007025
0.000010 0.960952 0.000010 0.039028
0.025975 0.884879 0.007762 0.081384
0.004511 0.976401 0.004584 0.014504
0.009145 0.927872 0.005894 0.057088
0.004567 0.967741 0.000010 0.027683
0.472733 0.527247 0.000010 0.000010
0.378937 0.621043 0.000010 0.000010
0.307610 0.692370 0.000010 0.000010
0.417684 0.582296 0.000010 0.000010
0.394425 0.605555 0.000010 0.000010
0.333608 0.666372 0.000010 0.000010
0.465024 0.534956 0.000010 0.000010
0.549337 0.450643 0.000010 0.000010
0.427665 0.572315 0.000010 0.000010
0.251309 0.748671 0.000010 0.000010
0.395893 0.604087 0.000010 0.000010
0.323894 0.676086 0.000010 0.000010
0.461712 0.538268 0.000010 0.000010
0.426400 0.573580 0.000010 0.000010
0.426825 0.573155 0.000010 0.000010
0.429092 0.570888 0.000010 0.000010
0.425248 0.574732 0.000010 0.000010
0.407727 0.568465 0.000010 0.023798
0.426320 0.573660 0.000010 0.000010
0.435780 0.564200 0.000010 0.000010
0.340988 0.494883 0.002434 0.161695
0.466540 0.533440 0.000010 0.000010
0.348233 0.651747 0.000010 0.000010
0.393497 0.606483 0.000010 0.000010
0.420831 0.579149 0.000010 0.000010
0.373749 0.626231 0.000010 0.000010
0.347053 0.652927 0.000010 0.000010
0.302753 0.691455 0.005398 0.000394
0.398421 0.601559 0.000010 0.000010
0.391915 0.579718 0.001402 0.026964
0.324803 0.556666 0.028772 0.089759
0.314125 0.685855 0.000010 0.000010
0.414346 0.585634 0.000010 0.000010
0.323915 0.642801 0.000958 0.032325
0.372222 0.627758 0.000010 0.000010
0.402103 0.597877 0.000010 0.000010
0.398632 0.601348 0.000010 0.000010
0.256070 0.732373 0.000010 0.011547
0.281028 0.718952 0.000010 0.000010
0.388901 0.611079 0.000010 0.000010
0.358633 0.641347 0.000010 0.000010
0.409830 0.590150 0.000010 0.000010
0.401009 0.598971 0.000010 0.000010
0.389010 0.610565 0.000010 0.000415
0.365696 0.634284 0.000010 0.000010
0.393662 0.606318 0.000010 0.000010
0.311398 0.627601 0.001235 0.059766
0.226566 0.767626 0.005798 0.000010
0.340080 0.659900 0.000010 0.000010
0.414373 0.585607 0.000010 0.000010
0.261172 0.599906 0.000431 0.138491
0.338495 0.570371 0.000010 0.091125
0.358557 0.641423 0.000010 0.000010
0.387983 0.611997 0.000010 0.000010
0.378077 0.621903 0.000010 0.000010
0.298515 0.701465 0.000010 0.000010
0.185053 0.814927 0.000010 0.000010
0.227019 0.739944 0.013251 0.019786
0.406052 0.593928 0.000010 0.000010
0.305378 0.694602 0.000010 0.000010
0.473473 0.171915 0.096691 0.257920
0.340336 0.659644 0.000010 0.000010
0.368840 0.631140 0.000010 0.000010
0.339882 0.660098 0.000010 0.000010
0.354783 0.645197 0.000010 0.000010
0.369151 0.630829 0.000010 0.000010
0.337051 0.662929 0.000010 0.000010
0.389165 0.610815 0.000010 0.000010
0.272620 0.724585 0.002785 0.000010
0.336468 0.663512 0.000010 0.000010
0.328964 0.671016 0.000010 0.000010
0.376640 0.623340 0.000010 0.000010
0.291378 0.708357 0.000255 0.000010
0.162577 0.836272 0.000600 0.000551
0.034330 0.386377 0.027322 0.551971
0.031915 0.415039 0.024696 0.528349
0.034214 0.407751 0.017592 0.540443
0.042329 0.390471 0.027027 0.540172
0.024942 0.395831 0.023539 0.555688
0.039626 0.400449 0.026450 0.533475
0.034591 0.421740 0.021076 0.522594
0.030143 0.399526 0.025864 0.544468
0.031003 0.397855 0.022214 0.548927
0.034137 0.383958 0.020201 0.561704
0.027621 0.413701 0.017808 0.540871
0.033731 0.409391 0.019590 0.537288
0.028998 0.395822 0.024402 0.550778
0.027662 0.388117 0.023247 0.560974
0.026101 0.392216 0.015636 0.566046
0.032586 0.382843 0.024524 0.560047
0.043810 0.414882 0.029159 0.512149
0.032079 0.395051 0.027695 0.545175
0.033369 0.390741 0.021291 0.554599
0.031436 0.383287 0.015618 0.569660
0.030217 0.381519 0.015710 0.572555
0.036963 0.418589 0.025632 0.518816
0.255971 0.744009 0.000010 0.000010
0.256673 0.741559 0.000010 0.001758
0.227517 0.770959 0.000010 0.001514
0.253419 0.746210 0.000361 0.000010
0.247588 0.752392 0.000010 0.000010
0.241448 0.758532 0.000010 0.000010
0.250779 0.746329 0.001065 0.001827
0.250639 0.747400 0.000010 0.001951
0.236776 0.760933 0.002280 0.000010
0.245230 0.752117 0.000010 0.002643
0.231682 0.767020 0.000683 0.000614
0.223086 0.776894 0.000010 0.000010
0.245207 0.754773 0.000010 0.000010
0.223680 0.774125 0.002186 0.000010
0.250709 0.749271 0.000010 0.000010
0.248416 0.751564 0.000010 0.000010
0.239767 0.760213 0.000010 0.000010
0.258671 0.741309 0.000010 0.000010
0.241605 0.758375 0.000010 0.000010
0.227357 0.769133 0.003500 0.000010
0.244790 0.755190 0.000010 0.000010
0.194481 0.805499 0.000010 0.000010
0.224304 0.775676 0.000010 0.000010
0.249603 0.750377 0.000010 0.000010
0.235843 0.761792 0.000010 0.002355
0.239892 0.753807 0.003022 0.003279
0.246671 0.751876 0.000010 0.001443
0.239237 0.757279 0.000010 0.003475
0.234145 0.762980 0.002865 0.000010
0.254357 0.745623 0.000010 0.000010
0.252878 0.747102 0.000010 0.000010
0.261727 0.738244 0.000020 0.000010
0.240662 0.758970 0.000358 0.000010
0.222998 0.773251 0.003741 0.000010
0.244462 0.746681 0.001409 0.007448
0.262024 0.731857 0.000010 0.006109
0.244703 0.754354 0.000010 0.000933
0.224189 0.775791 0.000010 0.000010
0.232447 0.767533 0.000010 0.000010
0.213662 0.617378 0.000010 0.168951
0.266708 0.733272 0.000010 0.000010
0.237540 0.762440 0.000010 0.000010
0.232638 0.767342 0.000010 0.000010
0.213609 0.786371 0.000010 0.000010
0.237912 0.758889 0.001914 0.001284
0.251761 0.748219 0.000010 0.000010
0.237054 0.760666 0.002271 0.000010
0.235863 0.760102 0.000999 0.003036
0.240994 0.757153 0.001714 0.000139
0.246054 0.748600 0.003994 0.001351
0.268906 0.714781 0.000010 0.016302
0.257778 0.742202 0.000010 0.000010
0.253038 0.744815 0.000010 0.002137
0.244037 0.755939 0.000013 0.000010
0.242527 0.752156 0.000010 0.005307
0.262345 0.736314 0.000010 0.001331
0.258104 0.741876 0.000010 0.000010
0.249355 0.750625 0.000010 0.000010
0.227598 0.771314 0.000010 0.001078
0.233834 0.754671 0.003513 0.007982
0.215580 0.781656 0.001420 0.001344
0.219706 0.779910 0.000010 0.000374
0.232587 0.757803 0.001891 0.007719
0.235853 0.764127 0.000010 0.000010
0.245578 0.754402 0.000010 0.000010
0.261271 0.738709 0.000010 0.000010
0.243840 0.756140 0.000010 0.000010
0.249565 0.750415 0.000010 0.000010
0.237354 0.761557 0.001079 0.000010
0.246259 0.746251 0.000010 0.007479
0.225948 0.771728 0.000010 0.002314
0.265195 0.729122 0.000010 0.005673
0.250010 0.747815 0.002166 0.000010
0.247239 0.745118 0.000737 0.006906
0.243858 0.748389 0.001176 0.006577
0.222054 0.776767 0.001169 0.000010
0.255288 0.733480 0.000010 0.011222
0.235954 0.763295 0.000010 0.000741
0.224288 0.775692 0.000010 0.000010
0.227784 0.772196 0.000010 0.000010
0.242177 0.755835 0.001978 0.000010
0.193535 0.803538 0.002917 0.000010
0.262574 0.731950 0.001281 0.004195
0.239414 0.760566 0.000010 0.000010
0.246060 0.750839 0.000828 0.002274
0.246195 0.746379 0.003805 0.003621
0.272350 0.674997 0.019200 0.033453
0.245632 0.751171 0.000266 0.002931
0.246606 0.743424 0.007495 0.002475
0.244494 0.755486 0.000010 0.000010
0.236263 0.763717 0.000010 0.000010
0.232796 0.762173 0.005021 0.000010
0.232014 0.766523 0.000695 0.000768
0.254238 0.745742 0.000010 0.000010
0.248622 0.744175 0.001607 0.005596
0.227619 0.770456 0.000010 0.001915
0.248918 0.749385 0.001470 0.000226
0.230270 0.767347 0.000010 0.002373
0.045072 0.424829 0.027194 0.502905
0.044117 0.409321 0.014763 0.531798
0.033568 0.424303 0.019778 0.522350
0.043807 0.410997 0.024600 0.520596
0.047237 0.424099 0.021687 0.506977
0.037075 0.434638 0.008354 0.519932
0.026769 0.421969 0.027040 0.524223
0.029474 0.503234 0.023048 0.444243
0.036279 0.418004 0.026607 0.519110
0.039431 0.433149 0.020737 0.506682
0.032373 0.522600 0.014607 0.430421
0.041478 0.423799 0.019708 0.515015
0.046327 0.428567 0.024578 0.500527
0.042740 0.425805 0.024665 0.506790
0.048866 0.420916 0.030768 0.499450
0.043005 0.436833 0.035448 0.484714
0.030231 0.513062 0.022024 0.434682
0.037086 0.418214 0.021747 0.522952
0.054212 0.496978 0.024046 0.424763
0.020492 0.513080 0.023140 0.443288
0.045258 0.434359 0.026717 0.493666
0.060019 0.470287 0.020424 0.449271
0.023281 0.520048 0.022448 0.434223
0.036111 0.402039 0.020078 0.541772
0.032653 0.395723 0.020577 0.551047
0.028533 0.438436 0.026575 0.506457
0.019398 0.516617 0.022097 0.441889
0.042617 0.442486 0.028075 0.486822
0.036055 0.509143 0.020649 0.434153
0.030492 0.509870 0.015333 0.444304
0.043512 0.414285 0.026817 0.515387
0.027339 0.516343 0.018049 0.438269
0.026362 0.521770 0.015494 0.436374
0.041504 0.405653 0.019466 0.533377
0.030125 0.388502 0.021703 0.559670
0.026714 0.519885 0.024313 0.429088
0.032183 0.520931 0.022899 0.423987
0.033137 0.528692 0.014184 0.423987
0.035383 0.559303 0.024215 0.381099
0.024972 0.530160 0.022356 0.422513
0.032947 0.521107 0.020815 0.425131
0.035309 0.521592 0.020362 0.422737
0.030458 0.511849 0.018974 0.438718
0.032502 0.504756 0.016327 0.446416
0.038602 0.519549 0.024709 0.417140
0.023256 0.528474 0.023271 0.424999
0.023245 0.537379 0.027122 0.412254
0.065296 0.464914 0.032422 0.437368
0.063142 0.481905 0.034742 0.420212
0.071660 0.458619 0.030074 0.439647
0.078593 0.485523 0.039885 0.395999
0.099584 0.478886 0.035435 0.386096
0.056248 0.461899 0.029254 0.452600
0.058337 0.468548 0.033093 0.440022
0.086174 0.504649 0.038134 0.371043
0.055602 0.447068 0.020229 0.477101
0.065284 0.475406 0.022011 0.437299
0.056042 0.450668 0.027660 0.465630
0.084428 0.475265 0.038850 0.401457
0.078063 0.491108 0.032907 0.397922
0.053554 0.467244 0.026624 0.452578
0.066904 0.473951 0.024139 0.435006
0.068041 0.453417 0.034180 0.444363
0.058021 0.463155 0.027800 0.451024
0.048881 0.450601 0.018719 0.481798
0.071948 0.475588 0.024450 0.428013
0.078049 0.476941 0.031232 0.413777
0.062696 0.465704 0.024218 0.447382
0.099062 0.491130 0.035873 0.373935
0.068072 0.462493 0.031930 0.437504
0.073348 0.461946 0.034734 0.429972
0.026336 0.129910 0.007689 0.836065
0.034192 0.134800 0.000010 0.830998
0.027583 0.137967 0.013162 0.821287
0.029835 0.164881 0.004550 0.800733
0.028872 0.155665 0.001408 0.814055
0.022326 0.093276 0.000010 0.884388
0.022438 0.161637 0.001478 0.814446
0.027668 0.133978 0.009028 0.829327
0.028404 0.139405 0.004997 0.827194
0.028942 0.161895 0.008289 0.800875
0.028536 0.137716 0.003126 0.830621
0.027331 0.155281 0.004350 0.813038
0.027900 0.150871 0.009087 0.812142
0.000010 0.107891 0.006042 0.886057
0.031785 0.128575 0.004870 0.834770
0.031315 0.137621 0.000669 0.830396
0.029548 0.163866 0.001921 0.804665
0.029433 0.139778 0.004616 0.826174
0.026675 0.151063 0.007812 0.814450
0.033801 0.148263 0.007771 0.810165
0.028333 0.138000 0.003893 0.829774
0.003130 0.167842 0.006874 0.822155
0.026132 0.110921 0.005451 0.857496
0.027824 0.192938 0.000010 0.779227
0.032474 0.159256 0.000010 0.808260
0.025835 0.126948 0.010633 0.836585
0.028436 0.126952 0.011168 0.833444
0.031977 0.127285 0.006453 0.834285
0.030498 0.158888 0.012932 0.797682
0.029936 0.146087 0.011455 0.812521
0.028840 0.119621 0.009064 0.842475
0.029046 0.124244 0.000010 0.846700
0.030537 0.171872 0.007159 0.790433
0.002329 0.195793 0.012320 0.789558
0.024254 0.146262 0.014968 0.814516
0.033623 0.176951 0.000010 0.789416
0.027863 0.130476 0.007765 0.833896
0.033602 0.169813 0.008622 0.787963
0.030661 0.138359 0.000605 0.830375
0.025362 0.127687 0.001763 0.845188
0.024719 0.128122 0.005744 0.841415
0.026411 0.129002 0.006163 0.838424
0.030283 0.139505 0.006782 0.823430
0.028279 0.148208 0.006492 0.817021
0.026603 0.135396 0.004580 0.833420
0.034940 0.278830 0.011013 0.675216
0.024132 0.115718 0.000010 0.860140
0.002025 0.000010 0.263382 0.734583
0.029537 0.136175 0.009647 0.824642
0.029178 0.145623 0.001643 0.823556
0.027580 0.144054 0.002274 0.826092
0.032930 0.155155 0.000010 0.811904
0.027512 0.132182 0.010263 0.830043
0.025226 0.133276 0.000742 0.840755
0.021817 0.122825 0.006682 0.848676
0.027475 0.178418 0.000010 0.794097
0.024298 0.138694 0.007296 0.829713
0.030574 0.147574 0.011605 0.810247
0.025614 0.139960 0.004140 0.830286
0.024959 0.135850 0.000010 0.839182
0.011594 0.006915 0.012640 0.968851
0.026867 0.127237 0.006531 0.839364
0.034211 0.152033 0.004614 0.809141
0.029201 0.134799 0.000010 0.835991
0.020035 0.093549 0.007453 0.878963
0.030194 0.128480 0.002797 0.838529
0.026682 0.189068 0.004098 0.780152
0.025923 0.147114 0.000010 0.826953
0.028539 0.127927 0.009362 0.834172
0.031690 0.139548 0.003890 0.824872
0.024638 0.153576 0.005268 0.816518
0.035489 0.261799 0.008147 0.694565
0.029042 0.111274 0.012527 0.847157
0.013766 0.012099 0.014582 0.959553
0.021709 0.153467 0.005602 0.819222
0.026740 0.150133 0.000273 0.822853
0.020493 0.087676 0.004127 0.887704
0.024958 0.137855 0.003477 0.833709
0.030397 0.192556 0.002247 0.774800
0.030641 0.139950 0.009042 0.820367
0.027963 0.177255 0.010773 0.784010
0.024938 0.149983 0.003153 0.821926
0.026642 0.139570 0.010921 0.822868
0.034412 0.188441 0.002567 0.774579
0.026259 0.139345 0.006543 0.827853
0.034300 0.151979 0.006328 0.807393
0.026709 0.097222 0.006677 0.869392
0.027813 0.146791 0.002189 0.823207
0.031837 0.145214 0.003306 0.819643
0.027840 0.141711 0.002832 0.827616
0.033655 0.114286 0.001331 0.850728
0.030526 0.160012 0.008346 0.801115
0.025367 0.142018 0.005083 0.827532
0.028782 0.147898 0.000010 0.823311
0.027860 0.165631 0.004094 0.802415
0.024933 0.137853 0.003020 0.834193
0.034211 0.187424 0.007256 0.771108
0.032506 0.188685 0.000010 0.778799
0.029442 0.130376 0.003455 0.836727
0.000010 0.996136 0.002167 0.001687
0.000010 0.988750 0.000798 0.010441
0.037772 0.693306 0.010660 0.258263
0.011061 0.891852 0.013761 0.083326
0.011020 0.880658 0.004365 0.103957
0.018414 0.943858 0.010686 0.027042
0.002013 0.968413 0.000117 0.029457
0.036239 0.868369 0.008072 0.087320
0.018560 0.875070 0.002858 0.103513
0.011683 0.941001 0.009192 0.038124
0.005654 0.944281 0.002823 0.047242
0.008562 0.899292 0.002934 0.089212
0.011740 0.928356 0.001571 0.058332
0.000010 0.949424 0.009330 0.041236
0.019865 0.942463 0.009412 0.028260
0.001178 0.981825 0.001745 0.015251
0.025431 0.801595 0.010751 0.162223
0.000011 0.994106 0.000010 0.005873
0.002382 0.971086 0.008972 0.017560
0.011673 0.852292 0.004453 0.131582
0.006509 0.966047 0.000942 0.026502
0.011904 0.912076 0.009353 0.066667
0.000010 0.988163 0.000010 0.011816
0.000010 0.990921 0.000010 0.009059
0.000010 0.982531 0.001512 0.015947
0.013980 0.965250 0.009239 0.011531
0.000010 0.977445 0.000010 0.022535
0.024310 0.901476 0.010168 0.064046
0.000010 0.971187 0.004095 0.024709
0.030264 0.803305 0.007975 0.158456
0.018183 0.878741 0.006434 0.096641
0.028436 0.914540 0.004187 0.052837
0.000010 0.981650 0.003201 0.015139
0.026614 0.793017 0.010683 0.169686
0.011282 0.960040 0.003647 0.025030
0.007498 0.900385 0.007332 0.084784
0.026639 0.821350 0.004567 0.147444
0.031836 0.799750 0.008493 0.159921
0.000010 0.983534 0.007549 0.008907
0.000106 0.981246 0.003530 0.015119
0.000010 0.979377 0.002801 0.017812
0.001598 0.980121 0.000384 0.017898
0.006225 0.975295 0.000010 0.018470
0.003089 0.985444 0.004493 0.006974
0.000010 0.979467 0.000010 0.020513
0.000010 0.994324 0.000010 0.005656
0.000473 0.967166 0.003767 0.028594
0.003175 0.959583 0.000010 0.037232
0.019775 0.918316 0.007316 0.054592
0.017921 0.939013 0.005226 0.037840
0.009594 0.948089 0.000010 0.042306
0.001083 0.985839 0.000991 0.012088
0.000010 0.989431 0.001759 0.008799
0.034051 0.894163 0.001284 0.070502
0.000010 0.988275 0.004791 0.006924
0.000010 0.971830 0.003322 0.024839
0.000010 0.984809 0.002563 0.012617
0.007683 0.883208 0.003775 0.105335
0.006564 0.943476 0.002424 0.047536
0.008824 0.938850 0.001293 0.051033
0.000010 0.988361 0.005565 0.006064
0.010768 0.911100 0.004020 0.074112
0.000010 0.980581 0.000010 0.019399
0.000956 0.984736 0.005378 0.008930
0.013593 0.850844 0.008128 0.127434
0.040688 0.873727 0.012988 0.072597
0.014471 0.841045 0.000010 0.144474
0.009534 0.972076 0.004671 0.013720
0.016990 0.945122 0.002232 0.035656
0.010782 0.863868 0.009440 0.115911
0.003140 0.972205 0.009083 0.015572
0.008381 0.889830 0.006310 0.095479
0.005903 0.979082 0.000010 0.015006
0.007645 0.973062 0.000010 0.019283
0.000010 0.980368 0.004070 0.015552
0.011468 0.878548 0.010106 0.099878
0.000010 0.986089 0.000905 0.012995
0.024676 0.882734 0.013752 0.078838
0.013980 0.905059 0.004037 0.076924
0.000010 0.958125 0.007343 0.034522
0.007171 0.934120 0.010360 0.048348
0.000010 0.989896 0.000010 0.010084
0.000010 0.991195 0.000734 0.008061
0.008264 0.875792 0.002841 0.113104
0.000010 0.967180 0.000636 0.032174
0.000010 0.974066 0.001612 0.024313
0.000010 0.982549 0.002917 0.014525
0.000010 0.962296 0.000010 0.037684
0.012834 0.866933 0.008055 0.112179
0.002187 0.983203 0.001209 0.013401
0.000010 0.975608 0.004763 0.019619
0.000010 0.984176 0.003813 0.012002
0.003678 0.994156 0.000010 0.002156
0.039282 0.910838 0.000010 0.049870
0.000010 0.990094 0.000701 0.009195
0.014835 0.941937 0.004278 0.038950
0.037648 0.902232 0.001250 0.058870
0.002202 0.985508 0.000010 0.012280
0.005805 0.982276 0.006433 0.005486
0.000010 0.986064 0.001615 0.012312
0.032953 0.892358 0.001934 0.072755
0.018488 0.934130 0.004704 0.042678
0.005979 0.952854 0.001777 0.039390
0.000010 0.939312 0.004079 0.056599
0.003949 0.983781 0.006917 0.005353
0.002921 0.976610 0.001243 0.019227
0.000144 0.975694 0.005145 0.019016
0.017085 0.875063 0.012174 0.095678
0.013973 0.878329 0.009003 0.098694
0.017083 0.878472 0.011864 0.092581
0.001765 0.966909 0.005331 0.025995
0.028231 0.913859 0.002764 0.055146
0.011513 0.933591 0.005942 0.048953
0.011367 0.873019 0.005804 0.109809
0.001409 0.989035 0.000010 0.009546
0.000011 0.978252 0.000010 0.021727
0.004128 0.969295 0.003239 0.023338
0.008772 0.934683 0.003556 0.052990
0.016907 0.856528 0.014741 0.111824
0.004272 0.968080 0.000200 0.027448
0.005993 0.929863 0.006498 0.057646
0.030391 0.862039 0.015498 0.092072
0.002293 0.953543 0.005284 0.038880
0.000010 0.992164 0.000010 0.007816
0.000010 0.985320 0.000010 0.014660
0.027458 0.860458 0.010393 0.101692
0.000010 0.966689 0.003524 0.029778
0.012068 0.911422 0.001215 0.075294
0.000010 0.969557 0.000195 0.030238
0.013791 0.914319 0.003555 0.068336
0.012641 0.863013 0.011451 0.112896
0.000680 0.992782 0.002673 0.003865
0.007056 0.950673 0.003941 0.038329
0.010622 0.927867 0.000010 0.061500
0.023286 0.819320 0.006693 0.150701
0.003345 0.957849 0.000219 0.038587
0.035223 0.882713 0.002307 0.079757
0.000010 0.991024 0.000010 0.008956
0.027226 0.809168 0.009617 0.153989
0.033768 0.907902 0.010746 0.047585
0.003157 0.950245 0.002531 0.044067
0.000115 0.986060 0.001862 0.011964
0.000010 0.989956 0.004163 0.005871
0.010051 0.912295 0.005732 0.071921
0.001579 0.960672 0.005338 0.032412
0.000010 0.982004 0.000010 0.017976
0.000010 0.979690 0.005000 0.015300
0.038769 0.886466 0.006327 0.068439
0.016152 0.891436 0.002895 0.089518
0.010628 0.885487 0.005165 0.098720
0.013273 0.894338 0.004895 0.087494
0.000137 0.983494 0.007890 0.008480
0.001949 0.982336 0.000541 0.015174
0.004606 0.971093 0.003905 0.020395
0.002927 0.976517 0.005710 0.014846
0.000994 0.985024 0.000165 0.013817
0.012811 0.887381 0.003686 0.096122
0.014465 0.950014 0.006126 0.029395
0.007500 0.972797 0.000010 0.019693
0.003179 0.980967 0.010616 0.005238
0.001454 0.965710 0.001282 0.031553
0.009102 0.885863 0.000010 0.105025
0.000010 0.990861 0.008728 0.000402
0.000010 0.989877 0.000010 0.010103
0.012122 0.899695 0.004411 0.083773
0.017471 0.915823 0.003558 0.063149
0.000010 0.987703 0.000763 0.011524
0.000010 0.985509 0.003698 0.010783
0.000010 0.982197 0.004711 0.013081
0.014307 0.934554 0.013053 0.038085
0.002562 0.989709 0.000010 0.007719
0.000010 0.991199 0.003871 0.004921
0.018588 0.869865 0.012672 0.098874
0.006265 0.969411 0.000963 0.023360
0.003433 0.971772 0.001794 0.023002
0.000010 0.988682 0.004115 0.007193
0.002984 0.969492 0.007349 0.020174
0.000010 0.977921 0.000416 0.021654
0.017225 0.861059 0.003077 0.118639
0.007353 0.887385 0.003495 0.101767
0.001310 0.992289 0.000010 0.006391
0.018089 0.936298 0.000010 0.045602
0.005820 0.976822 0.000185 0.017173
0.001057 0.965110 0.000010 0.033823
0.001678 0.957309 0.000010 0.041003
0.000011 0.988673 0.000010 0.011306
0.000011 0.957520 0.000010 0.042459
0.015615 0.895654 0.001859 0.086872
0.011442 0.862910 0.007526 0.118122
0.000010 0.965260 0.001038 0.033692
0.006045 0.980469 0.006038 0.007448
0.000010 0.972518 0.000513 0.026959
0.008309 0.940454 0.005556 0.045681
0.000010 0.981923 0.002324 0.015742
0.000010 0.968156 0.003277 0.028557
0.000010 0.992775 0.004533 0.002683
0.017595 0.920134 0.008115 0.054156
0.000010 0.990482 0.003694 0.005814
0.000010 0.992859 0.000010 0.007121
0.000010 0.979633 0.003008 0.017348
0.000010 0.973052 0.003721 0.023217
0.020324 0.894130 0.010889 0.074657
0.010256 0.980346 0.000828 0.008570
0.000010 0.992738 0.004339 0.002913
0.016396 0.905840 0.003956 0.073809
0.005353 0.976127 0.000010 0.018510
0.023911 0.882837 0.006954 0.086298
0.006382 0.971192 0.000010 0.022416
0.000010 0.971063 0.003172 0.025754
0.000592 0.992806 0.004766 0.001836
0.000010 0.973665 0.007222 0.019104
0.003057 0.974838 0.011001 0.011105
0.004240 0.968443 0.002916 0.024401
0.000010 0.977412 0.009957 0.012622
0.013662 0.896797 0.004968 0.084572
0.033584 0.740549 0.007992 0.217874
0.033780 0.705009 0.014182 0.247029
0.000010 0.985497 0.001507 0.012986
0.010930 0.893501 0.006159 0.089410
0.024780 0.886890 0.005444 0.082887
0.011753 0.887862 0.010814 0.089570
0.000010 0.968234 0.003841 0.027915
0.011952 0.900064 0.007059 0.080925
0.030506 0.891148 0.008165 0.070181
0.000010 0.980058 0.001691 0.018241
0.004045 0.932647 0.002760 0.060549
0.032527 0.748928 0.016612 0.201933
0.029407 0.854211 0.004919 0.111463
0.015863 0.895220 0.000010 0.088908
0.013042 0.889626 0.002042 0.095290
0.026430 0.897815 0.001162 0.074592
0.024927 0.919590 0.000010 0.055473
0.010527 0.894625 0.009977 0.084871
0.000012 0.984510 0.000010 0.015467
0.008012 0.935757 0.001169 0.055062
0.018178 0.862657 0.001717 0.117448
0.005299 0.981246 0.002299 0.011156
0.012424 0.927364 0.000865 0.059347
0.000010 0.983280 0.003657 0.013054
0.000010 0.969949 0.005742 0.024299
0.001908 0.979681 0.010396 0.008015
0.001646 0.980149 0.007372 0.010833
0.017871 0.894324 0.006052 0.081753
0.000010 0.987745 0.000010 0.012235
0.000010 0.976312 0.005250 0.018429
0.000010 0.989939 0.003901 0.006151
0.007044 0.983111 0.003536 0.006309
0.000010 0.987451 0.005277 0.007262
0.001171 0.983414 0.007245 0.008169
0.015354 0.928289 0.008323 0.048034
0.006025 0.960322 0.009914 0.023739
0.000010 0.972178 0.000220 0.027592
0.015808 0.947100 0.005215 0.031877
0.011601 0.928020 0.001150 0.059230
0.012251 0.899474 0.004705 0.083571
0.010405 0.969180 0.005323 0.015092
0.000010 0.965213 0.000557 0.034220
0.003800 0.980553 0.005493 0.010154
0.000010 0.990749 0.003189 0.006052
0.000010 0.988442 0.002374 0.009173
0.021475 0.856905 0.006323 0.115297
0.000010 0.983317 0.002475 0.014198
0.000010 0.991656 0.003680 0.004653
0.000010 0.974780 0.002791 0.022419
0.007556 0.937864 0.008512 0.046068
0.000010 0.972214 0.000010 0.027766
0.000591 0.979251 0.000010 0.020149
0.000552 0.970381 0.003220 0.025847
0.000010 0.968325 0.005887 0.025778
0.009380 0.947729 0.001491 0.041400
0.000010 0.988340 0.000010 0.011640
0.000010 0.959469 0.007785 0.032736
0.002629 0.962988 0.006896 0.027487
0.007646 0.952099 0.001864 0.038391
0.000010 0.982453 0.006043 0.011494
0.000010 0.981163 0.001433 0.017394
0.004215 0.975586 0.001052 0.019147
0.018494 0.896948 0.006817 0.077741
0.000010 0.987614 0.000010 0.012366
0.032682 0.846832 0.001417 0.119069
0.022186 0.892475 0.011656 0.073682
0.000010 0.967991 0.004518 0.027481
0.000010 0.984176 0.005558 0.010256
0.042279 0.883295 0.006484 0.067942
0.007120 0.949261 0.004687 0.038932
0.009032 0.904875 0.008237 0.077856
0.006262 0.944337 0.001366 0.048035
0.005635 0.948998 0.007942 0.037425
0.009017 0.893949 0.002546 0.094487
0.025116 0.798371 0.009518 0.166996
0.032574 0.777070 0.006688 0.183667
0.000010 0.979386 0.003598 0.017006
0.018819 0.853232 0.005643 0.122306
0.022201 0.900161 0.001600 0.076038
0.008356 0.935382 0.008633 0.047629
0.009963 0.978166 0.000010 0.011861
0.000010 0.982641 0.007897 0.009452
0.000010 0.968330 0.004089 0.027571
0.016823 0.906476 0.007613 0.069088
0.015949 0.851798 0.006007 0.126246
0.016478 0.868629 0.003294 0.111599
0.005239 0.976783 0.006107 0.011870
0.001479 0.958311 0.000502 0.039709
0.001563 0.972115 0.002189 0.024133
0.006016 0.902062 0.004877 0.087045
0.009277 0.970060 0.000010 0.020653
0.006702 0.875924 0.003885 0.113489
0.000578 0.976598 0.001999 0.020825
0.000010 0.985161 0.000472 0.014357
0.000010 0.979440 0.003574 0.016976
0.000010 0.990932 0.000058 0.009000
0.000010 0.987385 0.004875 0.007730
0.003780 0.964203 0.005152 0.026865
0.000010 0.993676 0.002925 0.003390
0.023327 0.858884 0.012721 0.105068
0.026007 0.903928 0.008619 0.061445
0.006709 0.940922 0.000010 0.052358
0.013774 0.942986 0.000010 0.043230
0.000010 0.989562 0.000010 0.010418
0.000010 0.970521 0.002482 0.026988
0.000010 0.983777 0.000010 0.016203
0.007297 0.883033 0.005980 0.103691
0.001847 0.979878 0.002802 0.015472
0.004156 0.939625 0.006093 0.050126
0.000010 0.981482 0.004120 0.014388
0.000010 0.990226 0.002163 0.007601
0.000010 0.987136 0.002037 0.010817
0.024013 0.891649 0.002315 0.082024
0.000010 0.985104 0.000010 0.014876
0.016512 0.949568 0.002990 0.030930
0.002499 0.970213 0.000010 0.027279
0.000040 0.968718 0.005887 0.025356
0.012378 0.974056 0.005653 0.007913
0.007440 0.978252 0.004187 0.010120
0.005133 0.988646 0.000010 0.006211
0.002399 0.979144 0.003566 0.014890
0.001960 0.966586 0.000010 0.031444
0.016632 0.847980 0.010638 0.124751
0.004794 0.979336 0.005458 0.010412
0.002076 0.975088 0.000181 0.022655
0.006081 0.975829 0.002562 0.015528
0.023229 0.810385 0.012387 0.153999
0.000010 0.972724 0.003354 0.023912
0.015100 0.932374 0.005311 0.047215
0.002205 0.980060 0.000010 0.017725
0.000116 0.975031 0.000413 0.024440
0.026495 0.903711 0.002083 0.067712
0.018973 0.862923 0.007197 0.110907
0.033095 0.895961 0.008274 0.062669
0.004023 0.983518 0.003119 0.009340
0.009569 0.893062 0.003052 0.094317
0.001274 0.977710 0.000010 0.021006
0.000010 0.979036 0.000010 0.020944
0.000010 0.990889 0.001317 0.007784
0.001391 0.988486 0.005076 0.005047
0.028283 0.896611 0.008820 0.066287
0.001791 0.991855 0.000010 0.006343
0.000010 0.982245 0.000010 0.017735
0.000011 0.974376 0.000010 0.025603
0.000010 0.986089 0.001860 0.012041
0.009228 0.954029 0.000673 0.036069
0.008754 0.988732 0.002504 0.000010
0.000010 0.989722 0.001243 0.009025
0.013177 0.907113 0.004977 0.074732
0.039726 0.716354 0.009362 0.234558
0.000010 0.976296 0.003699 0.019995
0.000010 0.978863 0.002657 0.018470
0.009984 0.985439 0.002048 0.002529
0.000010 0.982376 0.000180 0.017434
0.000010 0.990091 0.000010 0.009889
0.020465 0.886077 0.003557 0.089901
0.003839 0.987623 0.000010 0.008528
0.009546 0.974138 0.001524 0.014792
0.000109 0.993202 0.000010 0.006679
0.034746 0.843728 0.005138 0.116388
0.004118 0.973907 0.001428 0.020548
0.006341 0.976230 0.000010 0.017419
0.000010 0.992471 0.002934 0.004584
0.000958 0.993283 0.003494 0.002266
0.010280 0.954151 0.000683 0.034886
0.016650 0.946311 0.001459 0.035580
0.002981 0.978400 0.000010 0.018609
0.000010 0.988537 0.000010 0.011443
0.000010 0.982865 0.001236 0.015889
0.016408 0.908017 0.000010 0.075565
0.000010 0.971116 0.002446 0.026429
0.000010 0.989518 0.004410 0.006062
0.000010 0.977760 0.001854 0.020376
0.000010 0.947447 0.007237 0.045306
0.000010 0.961729 0.001102 0.037158
0.015823 0.927370 0.006312 0.050495
0.000010 0.977120 0.008002 0.014868
0.023566 0.858595 0.006894 0.110946
0.000010 0.968273 0.000010 0.031707
0.000010 0.979733 0.000010 0.020247
0.000010 0.979998 0.003991 0.016001
0.010230 0.938699 0.000010 0.051062
0.000010 0.945467 0.001699 0.052824
0.009118 0.945600 0.000010 0.045272
0.020337 0.883793 0.006020 0.089851
0.016413 0.906768 0.002521 0.074298
0.011811 0.966472 0.006050 0.015667
0.000010 0.970225 0.000076 0.029688
0.000010 0.981686 0.002504 0.015800
0.000010 0.987550 0.003084 0.009356
0.029290 0.861101 0.005137 0.104472
0.002410 0.970738 0.000010 0.026842
0.002129 0.972873 0.004242 0.020756
0.000010 0.980018 0.008951 0.011021
0.000010 0.978657 0.000010 0.021323
0.041672 0.900413 0.004983 0.052932
0.008291 0.954336 0.004362 0.033011
0.010360 0.936041 0.000010 0.053589
0.004567 0.961729 0.002256 0.031448
0.000010 0.973735 0.003580 0.022676
0.021448 0.853415 0.005393 0.119744
0.000010 0.973744 0.000010 0.026236
0.015572 0.941520 0.009240 0.033668
0.003666 0.958392 0.008375 0.029567
0.015835 0.934130 0.006229 0.043807
0.023631 0.851350 0.008416 0.116603
0.000735 0.983355 0.004031 0.011879
0.000011 0.970892 0.000010 0.029087
0.000010 0.982319 0.000964 0.016708
0.000011 0.980563 0.000010 0.019416
0.008279 0.974502 0.004115 0.013103
0.002293 0.970131 0.008117 0.019459
0.000010 0.990763 0.004654 0.004573
0.000011 0.990598 0.000010 0.009381
0.028980 0.894881 0.002272 0.073867
0.004811 0.977335 0.000858 0.016996
0.008283 0.985300 0.001981 0.004437
0.034393 0.894343 0.009627 0.061637
0.021626 0.884092 0.000453 0.093830
0.031400 0.921689 0.003458 0.043453
0.039705 0.907257 0.005712 0.047326
0.005465 0.982938 0.007155 0.004442
0.010409 0.967883 0.003828 0.017880
0.005985 0.963482 0.004198 0.026335
0.035697 0.912626 0.000010 0.051667
0.001768 0.960041 0.000010 0.038181
0.018442 0.870504 0.004905 0.106149
0.011265 0.878695 0.000010 0.110030
0.009838 0.960809 0.000641 0.028712
0.015642 0.930884 0.003869 0.049604
0.039457 0.895449 0.000010 0.065085
0.000010 0.978906 0.000010 0.021074
0.007482 0.980703 0.000010 0.011805
0.000010 0.984332 0.000010 0.015648
0.002509 0.977732 0.000259 0.019500
0.000020 0.985320 0.000010 0.014650
0.007435 0.943727 0.000010 0.048828
0.000010 0.987352 0.003876 0.008762
0.034823 0.907987 0.005578 0.051612
0.000010 0.718231 0.059379 0.222381
0.000181 0.949623 0.002593 0.047603
0.002947 0.963878 0.002029 0.031145
0.009844 0.964785 0.000010 0.025362
0.002845 0.975869 0.006490 0.014796
0.000010 0.984211 0.002942 0.012837
0.000010 0.982298 0.000010 0.017682
0.002665 0.977976 0.002246 0.017113
0.000010 0.989502 0.001774 0.008715
0.000010 0.974803 0.004145 0.021042
0.021038 0.843512 0.006073 0.129377
0.022128 0.891380 0.000010 0.086482
0.010275 0.888942 0.000010 0.100774
0.016343 0.876278 0.011455 0.095924
0.000011 0.995321 0.000010 0.004659
0.007681 0.935855 0.000010 0.056453
0.010923 0.893726 0.000010 0.095342
0.016155 0.890476 0.003464 0.089905
0.028235 0.882661 0.001536 0.087567
0.006032 0.911875 0.009709 0.072384
0.005172 0.987110 0.000010 0.007707
0.000010 0.985620 0.002483 0.011886
0.015145 0.871455 0.007684 0.105715
0.015308 0.901045 0.000256 0.083391
0.025231 0.874209 0.005578 0.094983
0.000010 0.994358 0.000010 0.005622
0.015367 0.941972 0.005368 0.037293
0.002377 0.962030 0.000010 0.035583
0.005579 0.958208 0.007683 0.028531
0.017459 0.921779 0.004050 0.056711
0.033986 0.905262 0.001560 0.059192
0.000010 0.981660 0.000287 0.018043
0.016436 0.901534 0.005011 0.077019
0.000010 0.996169 0.002090 0.001731
0.019040 0.885518 0.006653 0.088789
0.013430 0.930512 0.001253 0.054804
0.000010 0.980948 0.000010 0.019032
0.034932 0.905473 0.000319 0.059275
0.006882 0.975291 0.003363 0.014464
0.000010 0.990372 0.001101 0.008517
0.000010 0.982675 0.001741 0.015574
0.035370 0.788752 0.009261 0.166617
0.001597 0.992892 0.000684 0.004827
0.000010 0.985775 0.000010 0.014205
0.004927 0.964692 0.008704 0.021677
0.002862 0.975417 0.007707 0.014014
0.004472 0.940401 0.000010 0.055117
0.001238 0.982100 0.000010 0.016652
0.005583 0.850585 0.006696 0.137136
0.007479 0.920009 0.000626 0.071886
0.002994 0.984218 0.000010 0.012779
0.018749 0.868048 0.005407 0.107796
0.000010 0.984800 0.004236 0.010954
0.000010 0.969865 0.008151 0.021974
0.013520 0.921533 0.000010 0.064937
0.001607 0.995689 0.000010 0.002694
0.017608 0.863046 0.004181 0.115165
0.017237 0.876200 0.009622 0.096941
0.022324 0.840294 0.003901 0.133480
0.000010 0.995150 0.000010 0.004830
0.013210 0.949837 0.005169 0.031784
0.004587 0.979346 0.004963 0.011104
0.000010 0.975472 0.004480 0.020038
0.006367 0.961860 0.003096 0.028677
0.000010 0.981031 0.004051 0.014908
0.000010 0.980798 0.000010 0.019182
0.010213 0.969737 0.002475 0.017575
0.000010 0.972533 0.000010 0.027447
0.000313 0.978287 0.001619 0.019781
0.007568 0.978902 0.000010 0.013520
0.000010 0.975116 0.006404 0.018470
0.001855 0.986262 0.003960 0.007923
0.011425 0.933155 0.000938 0.054481
0.000010 0.969703 0.008060 0.022227
0.021200 0.875449 0.007637 0.095714
0.000647 0.970497 0.000010 0.028845
0.001108 0.974552 0.007290 0.017051
0.000010 0.965321 0.002037 0.032632
0.019330 0.919468 0.002642 0.058560
0.000010 0.978716 0.004042 0.017233
0.000010 0.995253 0.003408 0.001328
0.000010 0.977595 0.000010 0.022385
0.007304 0.964299 0.003837 0.024560
0.000011 0.987210 0.000010 0.012769
0.000965 0.988649 0.001033 0.009354
0.004755 0.970147 0.000010 0.025088
0.000010 0.991837 0.000010 0.008143
0.014679 0.872561 0.003340 0.109420
0.006473 0.933923 0.003335 0.056269
0.001836 0.983138 0.000010 0.015017
0.017509 0.951106 0.006067 0.025317
0.003716 0.965882 0.000578 0.029824
0.002200 0.978325 0.000010 0.019465
0.002196 0.974593 0.000010 0.023200
0.000413 0.957788 0.005532 0.036267
0.000010 0.974984 0.001934 0.023071
0.005308 0.961776 0.003493 0.029423
0.000010 0.969515 0.002321 0.028154
0.000010 0.982696 0.000532 0.016762
0.016479 0.910708 0.000010 0.072803
0.003023 0.942632 0.004078 0.050266
0.000011 0.966450 0.000010 0.033529
0.023435 0.863471 0.001665 0.111429
0.003055 0.973507 0.000010 0.023428
0.000010 0.975143 0.002271 0.022576
0.000609 0.987421 0.000010 0.011960
0.000010 0.984516 0.000010 0.015464
0.009823 0.952940 0.005355 0.031882
0.019344 0.962473 0.009821 0.008362
0.007038 0.949396 0.002910 0.040656
0.026031 0.875138 0.000010 0.098822
0.003786 0.956442 0.006403 0.033369
0.000010 0.984843 0.003241 0.011906
0.020838 0.872261 0.009754 0.097147
0.024543 0.851251 0.008816 0.115390
0.010514 0.909872 0.003565 0.076049
0.023160 0.836937 0.006474 0.133429
0.001537 0.981707 0.009522 0.007234
0.000010 0.966691 0.000459 0.032840
0.023147 0.857556 0.007782 0.111515
0.025809 0.871162 0.011422 0.091608
0.004710 0.973597 0.001175 0.020518
0.001220 0.986671 0.005861 0.006248
0.003119 0.962967 0.000010 0.033904
0.006512 0.947488 0.001654 0.044347
0.000010 0.986175 0.003362 0.010453
0.013760 0.952268 0.000010 0.033961
0.033288 0.854404 0.005035 0.107273
0.000010 0.989568 0.002942 0.007480
0.005860 0.964283 0.006163 0.023694
0.000010 0.994510 0.004545 0.000935
0.000010 0.994436 0.003502 0.002052
0.000010 0.989300 0.002782 0.007909
0.000010 0.977792 0.000526 0.021672
0.021810 0.780688 0.020726 0.176776
0.000010 0.972189 0.000010 0.027791
0.011858 0.883859 0.009158 0.095126
0.000010 0.962450 0.007612 0.029928
0.000010 0.988246 0.001101 0.010644
0.003574 0.971812 0.001953 0.022661
0.007154 0.962042 0.005082 0.025721
0.008049 0.958532 0.003379 0.030040
0.006657 0.928045 0.003540 0.061759
0.000011 0.983785 0.000010 0.016194
0.000491 0.982184 0.000010 0.017315
0.028795 0.922242 0.001688 0.047275
0.030667 0.895611 0.003284 0.070437
0.017710 0.909106 0.005282 0.067902
0.020501 0.949519 0.002150 0.027830
0.026411 0.916956 0.000010 0.056623
0.030411 0.728260 0.015345 0.225983
0.000010 0.982686 0.001245 0.016058
0.000011 0.985362 0.000010 0.014618
0.006145 0.974900 0.001691 0.017264
0.002906 0.970827 0.005699 0.020569
0.019131 0.900708 0.001126 0.079035
0.000010 0.987107 0.002627 0.010255
0.000010 0.986044 0.005461 0.008485
0.024025 0.900751 0.000285 0.074939
0.013855 0.883367 0.006792 0.095986
0.028193 0.902552 0.003241 0.066013
0.005036 0.967461 0.000010 0.027493
0.000014 0.983275 0.000010 0.016701
0.029350 0.755287 0.010523 0.204840
0.012254 0.933418 0.008882 0.045446
0.008513 0.947931 0.006836 0.036719
0.003356 0.988414 0.003790 0.004440
0.000940 0.984373 0.005189 0.009498
0.008962 0.937178 0.000010 0.053849
0.000015 0.986412 0.000010 0.013562
0.011187 0.973067 0.007020 0.008726
0.003014 0.976724 0.011554 0.008708
0.000010 0.986033 0.003519 0.010438
0.000010 0.975058 0.005728 0.019203
0.020872 0.893660 0.006158 0.079310
0.000010 0.991244 0.006808 0.001938
0.003907 0.932264 0.000010 0.063819
0.000010 0.990482 0.000010 0.009498
0.009285 0.911495 0.006739 0.072480
0.001540 0.993572 0.000010 0.004878
0.000250 0.940547 0.003117 0.056086
0.000010 0.976807 0.002652 0.020531
0.023289 0.864927 0.013241 0.098543
0.033586 0.914938 0.008965 0.042511
0.043712 0.905339 0.006114 0.044835
0.041062 0.902095 0.008163 0.048679
0.014750 0.951468 0.000010 0.033773
