0.036755 0.000010 0.009799 0.104058 0.748919 0.078542 0.021916
0.000010 0.002471 0.001323 0.224171 0.578272 0.193744 0.000010
0.000010 0.000010 0.000010 0.024387 0.940458 0.022704 0.012421
0.000010 0.000010 0.000191 0.025062 0.961204 0.000010 0.013513
0.003429 0.000010 0.000010 0.071453 0.871727 0.033182 0.020188
0.000010 0.000010 0.000010 0.016091 0.937000 0.019806 0.027073
0.002601 0.000010 0.000010 0.237156 0.022282 0.718810 0.019130
0.005725 0.000010 0.009130 0.261178 0.025919 0.682453 0.015584
0.000010 0.000010 0.000010 0.209112 0.051150 0.739698 0.000010
0.000010 0.002154 0.000010 0.229684 0.061052 0.707080 0.000010
0.024370 0.002487 0.000010 0.284747 0.006375 0.658911 0.023099
0.031182 0.000010 0.005556 0.194013 0.007558 0.734233 0.027447
0.008609 0.000010 0.003383 0.230582 0.048553 0.705138 0.003725
0.000010 0.000010 0.001345 0.258855 0.044133 0.686936 0.008710
0.014896 0.000010 0.005825 0.228338 0.063525 0.680024 0.007383
0.005474 0.000010 0.000010 0.228057 0.046433 0.712701 0.007314
0.003113 0.000010 0.002705 0.255822 0.004195 0.710214 0.023940
0.008361 0.000010 0.001294 0.253889 0.017378 0.706626 0.012443
0.009462 0.000814 0.002810 0.211064 0.007510 0.739847 0.028493
0.000010 0.000010 0.000010 0.239388 0.033214 0.713631 0.013737
0.014720 0.000010 0.000632 0.254045 0.007861 0.702539 0.020192
0.000010 0.000010 0.000010 0.261821 0.033725 0.697353 0.007070
0.004339 0.000010 0.003013 0.242350 0.041851 0.701224 0.007212
0.013338 0.000010 0.004891 0.229296 0.000010 0.731197 0.021258
0.015631 0.000010 0.008107 0.216741 0.000010 0.725339 0.034163
0.000010 0.000010 0.001368 0.241832 0.015567 0.738174 0.003039
0.019933 0.000010 0.006378 0.259340 0.032610 0.666315 0.015415
0.005452 0.000010 0.003102 0.230952 0.019764 0.726036 0.014683
0.001312 0.000010 0.005551 0.245555 0.033192 0.706963 0.007416
0.000010 0.000010 0.002909 0.225744 0.029947 0.721873 0.019506
0.069614 0.000010 0.002321 0.196054 0.000010 0.689381 0.042610
0.000010 0.000010 0.004741 0.267103 0.054450 0.668600 0.005087
0.001045 0.000010 0.002522 0.260288 0.045473 0.689446 0.001216
0.075723 0.000010 0.006756 0.239517 0.001101 0.634661 0.042232
0.004268 0.000010 0.000010 0.239639 0.033005 0.709982 0.013086
0.002328 0.000010 0.007772 0.259822 0.026799 0.685115 0.018156
0.001170 0.000010 0.006434 0.225927 0.019146 0.724052 0.023262
0.000010 0.000010 0.000010 0.237701 0.044747 0.717513 0.000010
0.050576 0.000010 0.006184 0.208839 0.000010 0.705372 0.029009
0.007241 0.000010 0.000010 0.222340 0.039272 0.721597 0.009531
0.000010 0.000010 0.003082 0.245078 0.027222 0.714586 0.010012
0.000010 0.004074 0.000010 0.248558 0.056122 0.680410 0.010816
0.001030 0.000010 0.000010 0.212229 0.026656 0.747581 0.012484
0.013237 0.004242 0.000010 0.261845 0.022586 0.690312 0.007768
0.011381 0.000010 0.001118 0.238132 0.037461 0.703342 0.008557
0.044563 0.000010 0.007673 0.241377 0.012373 0.653328 0.040676
0.017727 0.000010 0.000010 0.237061 0.006522 0.718510 0.020160
0.017766 0.000010 0.007828 0.231050 0.026005 0.707084 0.010257
0.007459 0.000010 0.001255 0.268497 0.018890 0.687392 0.016496
0.000010 0.002586 0.000010 0.270916 0.055746 0.670722 0.000010
0.000010 0.000010 0.002265 0.251055 0.034689 0.705000 0.006970
0.012828 0.000010 0.002122 0.253006 0.025121 0.691425 0.015488
0.016690 0.000010 0.000010 0.261546 0.028834 0.682402 0.010508
0.013411 0.000010 0.001389 0.230463 0.016725 0.719527 0.018475
0.017170 0.000010 0.001465 0.229733 0.015844 0.720547 0.015231
0.002212 0.000010 0.000010 0.232370 0.051983 0.711058 0.002357
0.010543 0.000010 0.002430 0.287752 0.075013 0.614550 0.009701
0.042202 0.000010 0.009517 0.323384 0.008121 0.565243 0.051524
0.047579 0.009425 0.005281 0.233285 0.000010 0.662375 0.042045
0.002065 0.000010 0.006160 0.201049 0.012634 0.764218 0.013864
0.023532 0.000010 0.003205 0.230679 0.034701 0.690204 0.017670
0.009731 0.003901 0.000216 0.244498 0.062141 0.667124 0.012389
0.000010 0.000010 0.000010 0.246475 0.024431 0.716699 0.012365
0.030800 0.000010 0.000010 0.235382 0.005664 0.704914 0.023220
0.012890 0.000010 0.005810 0.211570 0.015473 0.741655 0.012591
0.009940 0.000010 0.002557 0.228088 0.021370 0.724753 0.013284
0.001071 0.000010 0.000010 0.215345 0.021558 0.747575 0.014431
0.009378 0.000010 0.008049 0.208608 0.008776 0.745995 0.019184
0.034352 0.000010 0.003349 0.227804 0.000010 0.705021 0.029454
0.008525 0.000010 0.001776 0.230937 0.009267 0.731470 0.018015
0.004247 0.000010 0.002361 0.254700 0.018574 0.672621 0.047487
0.000010 0.000010 0.009120 0.223989 0.036803 0.717257 0.012810
0.026175 0.001115 0.000190 0.284046 0.000010 0.646356 0.042108
0.000680 0.000010 0.000242 0.292004 0.014457 0.663246 0.029361
0.001213 0.000010 0.006132 0.260727 0.006384 0.707330 0.018205
0.014875 0.001911 0.006408 0.225662 0.020952 0.703107 0.027084
0.011548 0.000010 0.000010 0.222536 0.017321 0.740846 0.007729
0.005054 0.000010 0.005280 0.253891 0.011612 0.704162 0.019991
0.000999 0.000010 0.004598 0.200035 0.025617 0.760480 0.008261
0.061233 0.000010 0.008216 0.284383 0.000010 0.585014 0.061133
0.061546 0.000010 0.003966 0.239481 0.003873 0.652205 0.038917
0.002326 0.000010 0.003129 0.234782 0.028492 0.717479 0.013782
0.000010 0.000010 0.000010 0.265769 0.026634 0.703562 0.004005
0.077243 0.000010 0.000010 0.247050 0.000010 0.628088 0.047590
0.000010 0.000010 0.000010 0.328020 0.048989 0.606936 0.016025
0.000010 0.000010 0.002287 0.253109 0.009204 0.714196 0.021185
0.022729 0.000010 0.000010 0.230617 0.001225 0.727594 0.017815
0.000411 0.006014 0.000010 0.221677 0.020093 0.727391 0.024404
0.000010 0.000010 0.000010 0.264620 0.017846 0.708394 0.009110
0.001386 0.000041 0.000010 0.271160 0.026021 0.681592 0.019791
0.008472 0.000010 0.000010 0.188956 0.061420 0.741122 0.000010
0.000010 0.000010 0.000010 0.231252 0.026523 0.719043 0.023153
0.009655 0.000010 0.000010 0.264458 0.034193 0.675769 0.015906
0.009262 0.000010 0.000010 0.233121 0.038603 0.695234 0.023760
0.000010 0.000010 0.000010 0.244872 0.028424 0.709785 0.016889
0.015480 0.000010 0.000552 0.242468 0.011293 0.696732 0.033465
0.021272 0.000010 0.006626 0.223882 0.029167 0.692653 0.026390
0.001602 0.000010 0.001922 0.244894 0.047917 0.703645 0.000010
0.000681 0.000010 0.003695 0.232359 0.041784 0.710767 0.010705
0.000010 0.000010 0.000010 0.237625 0.014575 0.727766 0.020004
0.000010 0.000010 0.001077 0.222764 0.046534 0.716770 0.012837
0.027231 0.000010 0.000010 0.232906 0.000010 0.722013 0.017819
0.059739 0.004648 0.006970 0.309395 0.000010 0.569333 0.049905
0.002338 0.000010 0.004708 0.221483 0.021328 0.729949 0.020184
0.043260 0.000010 0.006576 0.251463 0.016145 0.656522 0.026024
0.014593 0.000010 0.000010 0.245697 0.008609 0.705305 0.025775
0.000010 0.000010 0.000010 0.000010 0.890066 0.000010 0.109884
0.000968 0.000010 0.000010 0.034930 0.923319 0.028062 0.012701
0.000010 0.000010 0.003263 0.082026 0.825929 0.088752 0.000010
0.000010 0.000010 0.000010 0.001808 0.953768 0.013156 0.031238
0.000010 0.000010 0.000555 0.028541 0.950586 0.008634 0.011664
0.000010 0.000589 0.000010 0.058953 0.887854 0.052575 0.000010
0.000010 0.000010 0.000010 0.000010 0.928255 0.000010 0.071695
0.000010 0.000010 0.000010 0.000010 0.844275 0.000010 0.155675
0.000010 0.000010 0.000010 0.010601 0.954971 0.000010 0.034387
0.006980 0.000496 0.000010 0.146333 0.723965 0.122206 0.000010
0.000814 0.000010 0.000010 0.040251 0.908962 0.015857 0.034097
0.006778 0.000340 0.000010 0.097388 0.849336 0.046138 0.000010
0.000010 0.000010 0.000010 0.000010 0.908900 0.000010 0.091050
0.000010 0.000010 0.000010 0.000010 0.999940 0.000010 0.000010
0.001044 0.000010 0.000010 0.000010 0.998906 0.000010 0.000010
0.000010 0.000010 0.000010 0.000010 0.999940 0.000010 0.000010
0.000309 0.000010 0.000010 0.000010 0.999641 0.000010 0.000010
0.033769 0.000010 0.000010 0.000010 0.939003 0.000386 0.026812
0.000010 0.000010 0.000010 0.006681 0.959936 0.000010 0.033342
0.000010 0.000010 0.000010 0.000619 0.947289 0.000010 0.052051
0.162986 0.005128 0.002189 0.000010 0.815403 0.000010 0.014273
0.000010 0.000010 0.000010 0.000010 0.932085 0.000010 0.067865
0.003721 0.000010 0.000010 0.049831 0.912317 0.034101 0.000010
0.000010 0.000010 0.000010 0.027240 0.929507 0.019463 0.023760
0.002988 0.000010 0.001732 0.000010 0.952814 0.003320 0.039126
0.000382 0.006269 0.002600 0.026221 0.936649 0.023167 0.004713
0.012520 0.000010 0.000010 0.061278 0.875856 0.044736 0.005590
0.004620 0.005273 0.004826 0.081494 0.820811 0.082966 0.000010
0.000010 0.000010 0.000010 0.043740 0.927560 0.001187 0.027483
0.032263 0.002578 0.002778 0.021638 0.897891 0.009281 0.033570
0.044931 0.084953 0.001817 0.000010 0.819515 0.045383 0.003389
0.002870 0.000010 0.000206 0.131816 0.844607 0.020481 0.000010
0.000010 0.000010 0.000010 0.011963 0.950959 0.006422 0.030626
0.022776 0.011244 0.000010 0.093415 0.699399 0.112822 0.060334
0.002499 0.000010 0.000010 0.030438 0.914421 0.041560 0.011062
0.000010 0.000010 0.000010 0.027973 0.919496 0.019699 0.032802
0.000010 0.002150 0.000010 0.034768 0.956474 0.000010 0.006578
0.000309 0.022226 0.000010 0.117276 0.734325 0.125843 0.000010
0.000010 0.000010 0.005160 0.112050 0.787854 0.094907 0.000010
0.000010 0.000010 0.000010 0.050981 0.938538 0.000010 0.010441
0.000010 0.000010 0.000606 0.047539 0.902620 0.041678 0.007536
0.000010 0.000010 0.000010 0.009494 0.903485 0.034044 0.052947
0.000010 0.000010 0.002376 0.054601 0.895849 0.003526 0.043628
0.009026 0.000010 0.000010 0.037137 0.925236 0.010579 0.018003
0.006574 0.000010 0.004213 0.048544 0.894282 0.030440 0.015936
0.000010 0.000010 0.000010 0.037179 0.948896 0.000010 0.013885
0.062236 0.007086 0.001210 0.079641 0.773690 0.063085 0.013052
0.000010 0.012227 0.002440 0.169045 0.663122 0.153146 0.000010
0.002583 0.000010 0.000010 0.102831 0.785661 0.068543 0.040362
0.000010 0.000010 0.000010 0.007106 0.959690 0.006240 0.026934
0.133991 0.015034 0.000010 0.098151 0.697857 0.054947 0.000010
0.102135 0.000298 0.000010 0.033182 0.859042 0.002560 0.002774
0.010391 0.000010 0.000016 0.044668 0.923194 0.021711 0.000010
0.000010 0.000010 0.002025 0.051834 0.927130 0.002867 0.016124
0.003355 0.000010 0.000010 0.059112 0.924415 0.005672 0.007426
0.004009 0.001714 0.000010 0.094947 0.804118 0.095062 0.000141
0.003894 0.000010 0.000010 0.247304 0.595634 0.153138 0.000010
0.020966 0.009802 0.009944 0.158257 0.654097 0.146924 0.000010
0.001749 0.000010 0.001016 0.016287 0.961325 0.000010 0.019602
0.000010 0.000010 0.000010 0.118396 0.807764 0.073800 0.000010
0.099362 0.169615 0.030884 0.000010 0.428497 0.000010 0.271622
0.004508 0.000010 0.000010 0.070036 0.855313 0.063277 0.006846
0.009324 0.000010 0.002075 0.048100 0.905219 0.021693 0.013578
0.003970 0.000010 0.000010 0.057389 0.879216 0.059395 0.000010
0.006104 0.000010 0.000234 0.057399 0.884007 0.043719 0.008527
0.000010 0.000010 0.001827 0.049557 0.915527 0.025779 0.007289
0.000010 0.003721 0.001240 0.064959 0.876774 0.053286 0.000010
0.000010 0.003810 0.000010 0.049832 0.896199 0.015177 0.034962
0.000671 0.000010 0.007762 0.115992 0.772841 0.102714 0.000010
0.004260 0.000029 0.000010 0.063220 0.873299 0.059172 0.000010
0.005313 0.000010 0.003472 0.126613 0.853643 0.010939 0.000010
0.000010 0.001054 0.001062 0.067586 0.881311 0.020583 0.028394
0.000010 0.008529 0.000894 0.133752 0.772725 0.084080 0.000010
0.004545 0.000010 0.000010 0.301043 0.501668 0.192714 0.000010
0.476349 0.065338 0.008775 0.000010 0.000010 0.347687 0.101831
0.458140 0.058357 0.006883 0.000010 0.000010 0.372669 0.103932
0.476012 0.046075 0.004476 0.000010 0.000010 0.368621 0.104797
0.458130 0.074548 0.004951 0.000010 0.000010 0.353708 0.108643
0.488298 0.057139 0.007615 0.000010 0.000010 0.355094 0.091835
0.469907 0.043710 0.014224 0.000010 0.000010 0.359397 0.112742
0.446515 0.065108 0.002073 0.000010 0.000010 0.380975 0.105309
0.475560 0.055922 0.010651 0.000010 0.000010 0.359668 0.098179
0.478518 0.058896 0.004608 0.000010 0.000010 0.355757 0.102201
0.497438 0.047913 0.005975 0.000010 0.000010 0.344924 0.103730
0.464497 0.065745 0.000010 0.000010 0.000010 0.367464 0.102264
0.470440 0.050959 0.005027 0.000010 0.000010 0.365112 0.108443
0.481075 0.057457 0.007025 0.000010 0.000010 0.355145 0.099278
0.497769 0.046341 0.010443 0.000010 0.000010 0.347575 0.097850
0.497593 0.054309 0.000723 0.000010 0.000010 0.350552 0.096802
0.490733 0.055276 0.008758 0.000010 0.000010 0.345804 0.099409
0.437602 0.061767 0.011047 0.000010 0.000010 0.373269 0.116295
0.484928 0.041837 0.016044 0.000010 0.000010 0.354544 0.102627
0.481082 0.063673 0.002642 0.000010 0.000010 0.352896 0.099687
0.502717 0.053017 0.001346 0.000010 0.000010 0.341418 0.101482
0.496930 0.062500 0.000010 0.000010 0.000010 0.338900 0.101639
0.448417 0.058093 0.008948 0.000010 0.000010 0.378065 0.106457
0.000010 0.000010 0.000010 0.247598 0.481286 0.206896 0.064190
0.000010 0.000010 0.000010 0.231178 0.459927 0.231709 0.077156
0.000010 0.000010 0.000010 0.250034 0.451080 0.248359 0.050497
0.000010 0.000010 0.000010 0.236486 0.485831 0.218938 0.058715
0.000010 0.000010 0.000010 0.254703 0.485706 0.207233 0.052328
0.000010 0.000010 0.000010 0.231318 0.465512 0.244744 0.058396
0.000010 0.000010 0.000010 0.251269 0.466942 0.214640 0.067120
0.000010 0.000010 0.000010 0.250738 0.485909 0.206406 0.056918
0.000010 0.000010 0.000010 0.249288 0.442400 0.243829 0.064453
0.000010 0.000010 0.000010 0.236306 0.445820 0.246533 0.071312
0.000010 0.000010 0.000010 0.239409 0.452591 0.254916 0.053053
0.000010 0.000010 0.000010 0.266730 0.436064 0.244783 0.052394
0.000010 0.000010 0.000010 0.214663 0.482141 0.248112 0.055054
0.000010 0.000010 0.000287 0.246346 0.441162 0.261295 0.050890
0.000010 0.000010 0.000010 0.227760 0.487344 0.227609 0.057257
0.000010 0.000010 0.000010 0.255380 0.464534 0.216768 0.063288
0.000010 0.000010 0.000010 0.220941 0.481220 0.250007 0.047802
0.000010 0.000010 0.000010 0.263639 0.487129 0.186274 0.062928
0.000010 0.000010 0.000010 0.269294 0.467740 0.206527 0.056409
0.000010 0.000010 0.002251 0.260539 0.450899 0.236893 0.049398
0.000010 0.000010 0.000010 0.252631 0.464285 0.223417 0.059637
0.000010 0.000010 0.000010 0.303336 0.439372 0.237610 0.019651
0.000010 0.000010 0.000010 0.250104 0.427903 0.263399 0.058564
0.000010 0.000010 0.000010 0.238377 0.445332 0.240713 0.075548
0.000010 0.000010 0.000010 0.236008 0.458405 0.248532 0.057025
0.000010 0.000010 0.000896 0.261220 0.426846 0.235734 0.075285
0.000010 0.000010 0.000010 0.240493 0.480082 0.222921 0.056474
0.000010 0.000010 0.000010 0.244903 0.455987 0.238178 0.060901
0.000010 0.000010 0.000397 0.261268 0.439226 0.236383 0.062706
0.000010 0.000010 0.000010 0.233011 0.467520 0.230456 0.068983
0.000010 0.000010 0.000010 0.247189 0.431948 0.235315 0.085518
0.000010 0.000010 0.000010 0.253682 0.455431 0.208812 0.082045
0.000010 0.000010 0.000010 0.247676 0.464329 0.232003 0.055962
0.000010 0.000010 0.002313 0.249271 0.456266 0.248835 0.043295
0.001187 0.000010 0.002216 0.252685 0.450078 0.224401 0.069424
0.000010 0.000010 0.000010 0.250528 0.451280 0.212178 0.085985
0.000010 0.000010 0.000010 0.253368 0.435406 0.237133 0.074063
0.000010 0.000010 0.000010 0.223272 0.441338 0.280849 0.054511
0.000010 0.000010 0.000010 0.238401 0.457645 0.251842 0.052083
0.159559 0.000010 0.000010 0.176059 0.380362 0.214126 0.069874
0.000010 0.000010 0.000010 0.212050 0.484133 0.230166 0.073621
0.000010 0.000010 0.000010 0.263184 0.449809 0.226739 0.060238
0.000010 0.000010 0.000010 0.264543 0.442143 0.234655 0.058629
0.000010 0.000010 0.000010 0.276090 0.446491 0.241668 0.035721
0.000010 0.000010 0.000010 0.246033 0.450252 0.241814 0.061871
0.000010 0.000010 0.000010 0.240571 0.454764 0.229799 0.074836
0.000010 0.000010 0.000010 0.258149 0.433451 0.239804 0.068566
0.000010 0.000010 0.000010 0.265892 0.428507 0.236660 0.068910
0.000010 0.000010 0.000010 0.245520 0.448663 0.239462 0.066324
0.000010 0.000010 0.000869 0.254615 0.438776 0.230760 0.074960
0.005841 0.000010 0.000010 0.245335 0.443123 0.208410 0.097272
0.000010 0.000010 0.000010 0.253400 0.473149 0.204689 0.068732
0.000010 0.000010 0.000010 0.230682 0.464325 0.233235 0.071728
0.000010 0.000010 0.000010 0.248059 0.438916 0.240291 0.072703
0.000502 0.000010 0.000010 0.248192 0.455487 0.233320 0.062478
0.000010 0.000010 0.000010 0.197063 0.458256 0.259192 0.085459
0.000010 0.000010 0.000010 0.237033 0.470455 0.219059 0.073423
0.000010 0.000010 0.000010 0.231830 0.439341 0.249428 0.079371
0.000010 0.000010 0.000010 0.278332 0.421706 0.237528 0.062405
0.002471 0.000010 0.004485 0.225238 0.447161 0.258799 0.061836
0.000010 0.000010 0.000131 0.272290 0.435120 0.247355 0.045084
0.000010 0.000010 0.000010 0.271168 0.425347 0.249766 0.053689
0.000559 0.005225 0.000332 0.251930 0.454652 0.234860 0.052443
0.000010 0.000010 0.000010 0.232352 0.479944 0.242023 0.045651
0.000010 0.000010 0.000010 0.248923 0.453946 0.230764 0.066336
0.000010 0.000010 0.000010 0.251823 0.460111 0.208013 0.080023
0.000010 0.000010 0.000010 0.256645 0.475732 0.214694 0.052900
0.000010 0.000010 0.000010 0.257103 0.439108 0.226076 0.077684
0.000010 0.000010 0.000010 0.231070 0.448915 0.257728 0.062257
0.000140 0.000010 0.000010 0.245649 0.442946 0.236896 0.074350
0.000010 0.000010 0.000010 0.293641 0.447108 0.210323 0.048898
0.000010 0.000010 0.000010 0.236130 0.437694 0.229398 0.096748
0.000010 0.000010 0.000010 0.217289 0.450162 0.256547 0.075972
0.000530 0.000010 0.000369 0.238404 0.443858 0.240714 0.076115
0.000010 0.000010 0.001180 0.228600 0.444020 0.253229 0.072950
0.000010 0.000010 0.000010 0.252279 0.425498 0.265775 0.056418
0.003025 0.000010 0.000010 0.240163 0.446439 0.227541 0.082812
0.000010 0.000010 0.000010 0.263860 0.434038 0.237340 0.064732
0.000010 0.000010 0.000010 0.255678 0.448192 0.249429 0.046672
0.000010 0.000010 0.000010 0.256854 0.428059 0.253860 0.061198
0.000010 0.000010 0.000010 0.257968 0.438608 0.232630 0.070763
0.000010 0.000010 0.002948 0.293665 0.427412 0.252004 0.023951
0.000010 0.000010 0.000010 0.225490 0.455340 0.232488 0.086652
0.000010 0.000010 0.000010 0.254157 0.437761 0.240390 0.067662
0.000010 0.000010 0.000010 0.258478 0.432525 0.231599 0.077368
0.000010 0.000010 0.002080 0.249599 0.441625 0.232383 0.074293
0.022146 0.000010 0.019311 0.213611 0.432796 0.204320 0.107806
0.000010 0.000010 0.000010 0.244728 0.448890 0.235976 0.070376
0.000010 0.000010 0.005330 0.249096 0.446804 0.226961 0.071789
0.000010 0.000010 0.000010 0.267848 0.454205 0.211903 0.066013
0.000010 0.000010 0.000010 0.240615 0.435813 0.257135 0.066407
0.000010 0.000010 0.001673 0.274589 0.423839 0.232709 0.067169
0.000010 0.000010 0.000010 0.240539 0.446633 0.256503 0.056294
0.000010 0.000010 0.000010 0.249401 0.453943 0.221439 0.075187
0.000010 0.000010 0.000010 0.252550 0.429025 0.235692 0.082703
0.000010 0.000010 0.000493 0.245993 0.453019 0.250310 0.050166
0.000010 0.000010 0.000010 0.238252 0.442520 0.242162 0.077036
0.000010 0.000010 0.000010 0.263516 0.441958 0.237340 0.057156
0.430199 0.059012 0.010195 0.000011 0.000010 0.382601 0.117972
0.464246 0.051513 0.000155 0.000010 0.000010 0.368548 0.115517
0.445925 0.067787 0.000322 0.000010 0.000010 0.386107 0.099839
0.444541 0.063836 0.005950 0.000010 0.000010 0.370225 0.115427
0.437709 0.053720 0.005874 0.000010 0.000010 0.384938 0.117740
0.449277 0.049241 0.000010 0.000010 0.000010 0.392324 0.109128
0.452594 0.063441 0.008030 0.000010 0.000010 0.383183 0.092732
0.384835 0.039083 0.011913 0.000014 0.000010 0.453476 0.110668
0.441312 0.069099 0.005498 0.000010 0.000010 0.374677 0.109394
0.446533 0.037053 0.010946 0.000010 0.000010 0.389195 0.116253
0.376273 0.029791 0.006826 0.002597 0.000010 0.467899 0.116604
0.443558 0.059108 0.002273 0.000010 0.000010 0.383038 0.112003
0.428134 0.057275 0.009078 0.000010 0.000010 0.388358 0.117135
0.438758 0.051809 0.010054 0.000010 0.000010 0.382869 0.116490
0.431842 0.048822 0.017822 0.000010 0.000010 0.379750 0.121743
0.417670 0.052216 0.019729 0.000010 0.000010 0.395658 0.114707
0.372733 0.046499 0.008521 0.014774 0.000010 0.454437 0.103027
0.453046 0.055782 0.006368 0.000010 0.000010 0.374187 0.110598
0.350803 0.060324 0.006396 0.027270 0.000010 0.427064 0.128134
0.394423 0.024808 0.016716 0.000010 0.000010 0.462637 0.101396
0.417776 0.066534 0.007107 0.000010 0.000010 0.395546 0.113017
0.383090 0.044849 0.008109 0.008883 0.000010 0.418569 0.136490
0.393350 0.011070 0.021472 0.009222 0.000010 0.456030 0.108847
0.462927 0.071121 0.000250 0.000010 0.000010 0.364974 0.100708
0.480659 0.058328 0.003786 0.000010 0.000010 0.353990 0.103217
0.445103 0.048928 0.013031 0.028793 0.000010 0.375442 0.088692
0.384544 0.037418 0.012868 0.000010 0.000010 0.462963 0.102188
0.409003 0.066818 0.008746 0.000010 0.000010 0.401074 0.114339
0.369035 0.046383 0.007787 0.000010 0.000010 0.460192 0.116583
0.384004 0.040633 0.003684 0.000010 0.000010 0.459533 0.112126
0.442633 0.059845 0.009540 0.000010 0.000010 0.373436 0.114525
0.376148 0.046322 0.005044 0.015794 0.000010 0.454443 0.102240
0.371034 0.048985 0.001999 0.004405 0.000010 0.464882 0.108685
0.462539 0.056608 0.003661 0.000010 0.000010 0.365765 0.111408
0.487583 0.059344 0.004645 0.000010 0.000010 0.348053 0.100354
0.370319 0.036647 0.015045 0.008868 0.000010 0.457319 0.111792
0.360639 0.051233 0.007832 0.036729 0.000010 0.446682 0.096875
0.364118 0.037300 0.004241 0.002046 0.000010 0.472818 0.119467
0.330350 0.030249 0.016477 0.070817 0.000010 0.449140 0.102957
0.361875 0.046437 0.008408 0.020592 0.000423 0.462369 0.099896
0.356380 0.053837 0.005387 0.012564 0.000010 0.459298 0.112525
0.363024 0.038852 0.009692 0.001793 0.000010 0.468462 0.118168
0.389935 0.021188 0.014206 0.000010 0.000010 0.460471 0.114179
0.389223 0.035225 0.006744 0.000010 0.000010 0.453647 0.115141
0.363880 0.026968 0.018025 0.000010 0.000010 0.471442 0.119665
0.368036 0.037025 0.012933 0.006064 0.000010 0.467322 0.108612
0.350236 0.047004 0.013072 0.000495 0.000010 0.485975 0.103208
0.360424 0.060998 0.014227 0.000010 0.000010 0.423343 0.140988
0.349447 0.052242 0.019698 0.000010 0.000010 0.440633 0.137960
0.356639 0.068435 0.009351 0.000010 0.000010 0.420145 0.145409
0.303140 0.084244 0.014315 0.005655 0.000010 0.441020 0.151618
0.306741 0.058073 0.018446 0.000010 0.000010 0.444476 0.172244
0.387680 0.044807 0.016823 0.000012 0.000010 0.422195 0.128473
0.372439 0.048638 0.019258 0.003740 0.000010 0.423783 0.132132
0.291564 0.061897 0.019091 0.005271 0.000010 0.460218 0.161949
0.399003 0.065106 0.001355 0.000010 0.000010 0.406681 0.127835
0.366727 0.050674 0.006932 0.000010 0.000010 0.432488 0.143158
0.388312 0.065941 0.007198 0.001319 0.000010 0.407546 0.129673
0.318491 0.069891 0.017393 0.000010 0.000010 0.439248 0.154957
0.325878 0.053033 0.016462 0.000010 0.000010 0.451403 0.153205
0.386700 0.047593 0.012794 0.000010 0.000010 0.427709 0.125184
0.355860 0.065379 0.004075 0.001853 0.000010 0.431777 0.141047
0.366947 0.062453 0.015783 0.000010 0.000010 0.417657 0.137141
0.374988 0.062588 0.009586 0.003640 0.000010 0.418651 0.130536
0.409702 0.057266 0.002630 0.000010 0.000010 0.408504 0.121879
0.347157 0.065503 0.004483 0.000010 0.000010 0.436008 0.146829
0.328999 0.071297 0.010378 0.006225 0.000010 0.429655 0.153436
0.370877 0.060951 0.006473 0.000010 0.000010 0.424267 0.137412
0.287492 0.071731 0.013619 0.000010 0.000010 0.455787 0.171351
0.361373 0.060006 0.013557 0.004954 0.000010 0.417261 0.142839
0.353724 0.060056 0.016667 0.004472 0.000010 0.420291 0.144779
0.740463 0.073049 0.000010 0.000010 0.000010 0.101518 0.084941
0.739252 0.061956 0.000010 0.000010 0.000010 0.110527 0.088234
0.726653 0.076943 0.000010 0.003903 0.000010 0.106816 0.085665
0.701574 0.075121 0.000010 0.002352 0.000010 0.134278 0.086656
0.711135 0.075231 0.000010 0.000902 0.000010 0.124624 0.088088
0.782439 0.071489 0.000010 0.000010 0.000010 0.065181 0.080861
0.723009 0.065644 0.000010 0.004246 0.000010 0.126212 0.080869
0.736483 0.073639 0.000010 0.002470 0.000010 0.105401 0.081987
0.739547 0.063920 0.000010 0.009121 0.000010 0.102636 0.084756
0.706511 0.073036 0.000010 0.000010 0.000010 0.131482 0.088941
0.734846 0.071406 0.000010 0.009740 0.000010 0.099527 0.084460
0.718028 0.070235 0.000010 0.000016 0.000010 0.126229 0.085473
0.722304 0.069121 0.000010 0.000010 0.000010 0.122098 0.086447
0.792875 0.086782 0.000010 0.000010 0.000010 0.092422 0.027891
0.728537 0.082545 0.000010 0.000010 0.000010 0.101689 0.087199
0.726042 0.076818 0.000010 0.000010 0.000010 0.108055 0.089055
0.727791 0.049679 0.000010 0.012991 0.000010 0.123896 0.085622
0.719671 0.081937 0.000010 0.000010 0.000010 0.112326 0.086036
0.722831 0.070846 0.000010 0.002829 0.000010 0.119226 0.084248
0.729237 0.057997 0.000010 0.000010 0.000010 0.123773 0.088963
0.729630 0.074191 0.000010 0.000010 0.000010 0.109351 0.086798
0.731234 0.086248 0.000010 0.002660 0.000010 0.146782 0.033056
0.768810 0.064064 0.000010 0.000010 0.000010 0.084190 0.082907
0.691104 0.059594 0.000010 0.007741 0.000010 0.157638 0.083904
0.716825 0.063524 0.000010 0.002797 0.000010 0.126538 0.090296
0.748614 0.069527 0.000010 0.000010 0.000010 0.099568 0.082262
0.741706 0.072483 0.000010 0.000010 0.000010 0.100685 0.085096
0.731361 0.080552 0.000010 0.000010 0.000010 0.102233 0.085825
0.693910 0.087958 0.000010 0.013570 0.000010 0.116338 0.088204
0.718074 0.076505 0.000010 0.000015 0.000010 0.120290 0.085096
0.746926 0.074735 0.000010 0.000010 0.000010 0.095569 0.082740
0.752134 0.064667 0.000010 0.000010 0.000010 0.097445 0.085723
0.694443 0.075238 0.000010 0.003220 0.000010 0.136734 0.090346
0.699510 0.090268 0.000010 0.016509 0.000010 0.160410 0.033284
0.707189 0.094358 0.000010 0.007524 0.000010 0.109107 0.081802
0.704323 0.055006 0.000010 0.000010 0.000010 0.149810 0.090830
0.732390 0.081138 0.000010 0.000010 0.000010 0.104551 0.081891
0.697021 0.068494 0.000010 0.000010 0.000010 0.141578 0.092877
0.727903 0.074353 0.000010 0.000010 0.000010 0.110061 0.087653
0.747795 0.071328 0.000010 0.000010 0.000010 0.100580 0.080267
0.744690 0.074051 0.000010 0.000010 0.000010 0.101509 0.079720
0.752776 0.061292 0.000010 0.000010 0.000010 0.100720 0.085182
0.725996 0.074427 0.000010 0.000010 0.000010 0.112625 0.086922
0.726650 0.068800 0.000010 0.004998 0.000010 0.114952 0.084580
0.742404 0.065900 0.000010 0.000010 0.000010 0.107665 0.084001
0.587070 0.066386 0.000010 0.000991 0.000010 0.240575 0.104958
0.768455 0.061707 0.000010 0.000010 0.000010 0.088235 0.081573
0.222861 0.731895 0.009439 0.000010 0.000010 0.000010 0.035776
0.716554 0.089536 0.000010 0.001170 0.000010 0.108226 0.084495
0.732195 0.064449 0.000010 0.002704 0.000010 0.114509 0.086123
0.740864 0.058005 0.000010 0.000010 0.000010 0.117721 0.083380
0.715612 0.066463 0.000010 0.000010 0.000010 0.125536 0.092359
0.727240 0.084737 0.000010 0.000010 0.000010 0.105333 0.082660
0.748473 0.065427 0.000010 0.000010 0.000010 0.105564 0.080506
0.752467 0.072744 0.000010 0.000010 0.000010 0.094693 0.080067
0.709034 0.056300 0.000010 0.016319 0.000010 0.131666 0.086660
0.727027 0.083832 0.000010 0.009731 0.000010 0.101793 0.077597
0.721431 0.070811 0.000010 0.000010 0.000010 0.120772 0.086956
0.735330 0.069603 0.000010 0.000010 0.000010 0.109849 0.085187
0.755445 0.054414 0.000010 0.000086 0.000010 0.107238 0.082798
0.848484 0.101027 0.000010 0.000010 0.000010 0.000010 0.050449
0.745532 0.071857 0.000010 0.000010 0.000010 0.099408 0.083174
0.722932 0.061345 0.000010 0.021134 0.000010 0.104213 0.090357
0.734467 0.072621 0.000010 0.000010 0.000010 0.105929 0.086953
0.786954 0.068533 0.000010 0.000010 0.000010 0.066819 0.077664
0.741586 0.071331 0.000010 0.002115 0.000010 0.101002 0.083946
0.696332 0.057061 0.000010 0.000010 0.000010 0.155389 0.091188
0.734077 0.064452 0.000010 0.001592 0.000010 0.113948 0.085911
0.726882 0.088847 0.000010 0.007930 0.000010 0.092111 0.084209
0.728901 0.069790 0.000010 0.000010 0.000010 0.112963 0.088316
0.719990 0.073807 0.000010 0.001577 0.000010 0.122017 0.082589
0.608035 0.066541 0.000010 0.054559 0.000010 0.176941 0.093903
0.752989 0.076730 0.000010 0.000010 0.000010 0.087252 0.082999
0.837816 0.104922 0.000010 0.000010 0.000010 0.000010 0.057221
0.735891 0.059208 0.000010 0.000234 0.000010 0.123462 0.081184
0.723776 0.070604 0.000010 0.004010 0.000010 0.115262 0.086328
0.791689 0.069138 0.000010 0.000010 0.000010 0.061169 0.077975
0.744425 0.063561 0.000010 0.002789 0.000010 0.107174 0.082031
0.688655 0.059935 0.000010 0.026302 0.000010 0.135261 0.089828
0.719506 0.080566 0.000010 0.007035 0.000010 0.104003 0.088870
0.697622 0.065981 0.000010 0.000010 0.000010 0.145991 0.090376
0.731292 0.065244 0.000010 0.008911 0.000010 0.111380 0.083153
0.727012 0.077463 0.000010 0.002023 0.000010 0.109651 0.083831
0.683235 0.063887 0.000010 0.004148 0.000010 0.158140 0.090570
0.714491 0.093102 0.000010 0.000209 0.000010 0.110595 0.081583
0.712825 0.071462 0.000010 0.000010 0.000010 0.122444 0.093239
0.771594 0.072568 0.000010 0.000010 0.000010 0.070709 0.085099
0.740530 0.055810 0.000010 0.000010 0.000010 0.119169 0.084461
0.727906 0.064840 0.000010 0.000010 0.000010 0.116602 0.090622
0.730886 0.070918 0.000010 0.000010 0.000010 0.113306 0.084860
0.751829 0.069397 0.000010 0.000010 0.000010 0.087921 0.090824
0.707188 0.072401 0.000010 0.000010 0.000010 0.131795 0.088585
0.742452 0.059755 0.000010 0.000010 0.000010 0.113002 0.084761
0.729664 0.065319 0.000010 0.000014 0.000010 0.121443 0.083539
0.706576 0.071251 0.000010 0.005638 0.000010 0.131260 0.085255
0.744789 0.064112 0.000010 0.000010 0.000010 0.108013 0.083057
0.679496 0.067933 0.000010 0.000017 0.000010 0.158334 0.094200
0.689011 0.059669 0.000010 0.001371 0.000010 0.154805 0.095124
0.747371 0.062969 0.000010 0.000010 0.000010 0.103419 0.086210
0.000010 0.000010 0.000010 0.222351 0.025434 0.746543 0.005642
0.000693 0.000010 0.000617 0.260413 0.005697 0.721371 0.011199
0.217824 0.012206 0.007771 0.052258 0.000010 0.603759 0.106172
0.064358 0.000010 0.014313 0.179896 0.000010 0.695819 0.045594
0.084529 0.000010 0.004804 0.198334 0.000010 0.662398 0.049915
0.014390 0.000010 0.010619 0.268124 0.024860 0.649919 0.032078
0.015125 0.000010 0.000725 0.215932 0.012432 0.733200 0.022576
0.064082 0.004019 0.006670 0.283017 0.000010 0.576113 0.066089
0.083530 0.000010 0.003496 0.245884 0.000010 0.615254 0.051815
0.023406 0.000010 0.009249 0.213039 0.011061 0.708880 0.034355
0.033552 0.000010 0.002938 0.258130 0.000010 0.675336 0.030025
0.069954 0.000010 0.003126 0.189338 0.000010 0.691435 0.046128
0.042282 0.000010 0.002436 0.262312 0.006925 0.652477 0.033557
0.026269 0.001729 0.008726 0.289208 0.000010 0.651180 0.022877
0.004501 0.010145 0.005285 0.244635 0.000010 0.682188 0.053237
0.005237 0.000010 0.000932 0.255325 0.029808 0.696763 0.011924
0.133684 0.004240 0.010765 0.131522 0.000772 0.644127 0.074889
0.000010 0.000010 0.000010 0.261977 0.025172 0.702959 0.009862
0.006015 0.000010 0.008725 0.237940 0.023039 0.706984 0.017287
0.110498 0.000010 0.005272 0.223947 0.000010 0.606980 0.053283
0.014922 0.000010 0.001446 0.263847 0.023552 0.677456 0.018766
0.051712 0.000010 0.008742 0.259202 0.000010 0.642213 0.038111
0.000922 0.000010 0.000010 0.226891 0.019227 0.739999 0.012942
0.000010 0.000010 0.000010 0.229214 0.024283 0.737562 0.008911
0.006552 0.000010 0.001113 0.209233 0.028934 0.745552 0.008607
0.001964 0.000010 0.009354 0.198979 0.057856 0.717508 0.014329
0.011400 0.000010 0.000010 0.233086 0.007203 0.735505 0.012785
0.046223 0.000010 0.010720 0.246886 0.000010 0.644002 0.052149
0.011734 0.000010 0.004155 0.240685 0.000010 0.719269 0.024138
0.128717 0.006634 0.006386 0.144504 0.000919 0.634545 0.078296
0.077750 0.000010 0.006926 0.254088 0.000010 0.611482 0.049734
0.033976 0.000010 0.004540 0.296774 0.000010 0.609424 0.055266
0.001506 0.000010 0.003320 0.221106 0.004531 0.748988 0.020539
0.141483 0.003609 0.010961 0.145067 0.000010 0.624513 0.074357
0.006316 0.009425 0.000573 0.221184 0.036279 0.706101 0.020122
0.066907 0.000536 0.007649 0.213027 0.000010 0.673350 0.038520
0.120034 0.004176 0.003945 0.163050 0.000010 0.637203 0.071582
0.125443 0.013709 0.004123 0.172160 0.000010 0.604550 0.080005
0.000010 0.000010 0.005905 0.212894 0.009303 0.752728 0.019151
0.003546 0.000010 0.002162 0.235767 0.013674 0.728889 0.015952
0.004452 0.000010 0.003194 0.227745 0.000010 0.743274 0.021315
0.006833 0.000010 0.000576 0.242061 0.012884 0.723789 0.013845
0.006034 0.000010 0.000010 0.268972 0.011616 0.688696 0.024663
0.000010 0.000010 0.002921 0.261822 0.016285 0.700509 0.018443
0.010123 0.000010 0.000010 0.219394 0.012864 0.743595 0.014004
0.000010 0.000010 0.000010 0.244020 0.012142 0.738763 0.005045
0.017694 0.000010 0.003324 0.229054 0.034433 0.704866 0.010619
0.024175 0.000010 0.000010 0.243595 0.007963 0.699323 0.024925
0.041313 0.000010 0.007289 0.313519 0.024838 0.582080 0.030952
0.022411 0.000010 0.005245 0.257642 0.012415 0.665066 0.037210
0.028664 0.000010 0.000010 0.268904 0.000010 0.667737 0.034664
0.000010 0.000010 0.001267 0.258339 0.006430 0.713113 0.020830
0.000605 0.000010 0.000613 0.226529 0.022173 0.741277 0.008794
0.054314 0.000010 0.001150 0.319710 0.018736 0.556648 0.049432
0.000010 0.000010 0.001621 0.199250 0.001955 0.781561 0.015593
0.014389 0.000010 0.003445 0.236781 0.007065 0.722048 0.016262
0.000563 0.000010 0.003252 0.222193 0.025100 0.736786 0.012096
0.078657 0.011194 0.000465 0.204636 0.000010 0.659604 0.045433
0.031861 0.000010 0.003421 0.264886 0.000010 0.669039 0.030773
0.035153 0.000010 0.001724 0.229829 0.000010 0.697865 0.035409
0.000010 0.000010 0.002530 0.236461 0.006101 0.738912 0.015976
0.056045 0.000010 0.004385 0.195601 0.003452 0.699663 0.040843
0.009836 0.000010 0.000010 0.239279 0.018693 0.728487 0.003685
0.000010 0.000010 0.005033 0.244130 0.020333 0.714596 0.015888
0.105156 0.000010 0.008502 0.178579 0.000010 0.647502 0.060241
0.052987 0.000010 0.013038 0.303866 0.000010 0.563985 0.066103
0.121087 0.002359 0.000010 0.208380 0.000010 0.611983 0.056171
0.003610 0.000010 0.004177 0.230195 0.042891 0.704801 0.014316
0.020709 0.000010 0.002239 0.267155 0.020147 0.657686 0.032054
0.094979 0.000010 0.009670 0.151037 0.000010 0.687661 0.056633
0.002050 0.000010 0.008248 0.235186 0.000430 0.727147 0.026929
0.077488 0.000010 0.006487 0.195950 0.000010 0.678104 0.041951
0.004555 0.000857 0.000010 0.240584 0.033854 0.705684 0.014455
0.006595 0.000427 0.000010 0.254966 0.013157 0.699514 0.025332
0.004167 0.000010 0.003282 0.222780 0.000010 0.751461 0.018290
0.080699 0.000010 0.010394 0.228820 0.000010 0.631812 0.048255
0.002620 0.000010 0.002098 0.206314 0.018166 0.757936 0.012855
0.059606 0.000010 0.013283 0.231007 0.000010 0.637943 0.058142
0.061681 0.000010 0.003893 0.264976 0.003298 0.629364 0.036778
0.020241 0.000010 0.008049 0.230724 0.000010 0.714812 0.026154
0.032423 0.000010 0.010568 0.213246 0.000010 0.709450 0.034294
0.001928 0.000010 0.000010 0.236644 0.013579 0.737483 0.010345
0.000010 0.000010 0.001207 0.228020 0.032792 0.734286 0.003675
0.093278 0.000010 0.003458 0.241895 0.000010 0.612725 0.048625
0.019064 0.000010 0.000135 0.225752 0.000010 0.728945 0.026085
0.014247 0.000010 0.001654 0.224203 0.027974 0.721707 0.010205
0.004508 0.000010 0.002732 0.224548 0.014013 0.745085 0.009103
0.023849 0.000010 0.000010 0.175357 0.000010 0.778488 0.022276
0.088780 0.003409 0.007919 0.211270 0.000010 0.634369 0.054243
0.001885 0.000010 0.000010 0.229149 0.007947 0.738799 0.022200
0.006738 0.000010 0.004698 0.226331 0.012071 0.731997 0.018156
0.000010 0.000010 0.004204 0.191227 0.012657 0.778166 0.013725
0.000010 0.000010 0.000010 0.233997 0.031168 0.725223 0.009583
0.034986 0.000010 0.000010 0.355960 0.030870 0.531809 0.046355
0.000010 0.000010 0.001470 0.192696 0.022970 0.775987 0.006857
0.024257 0.000010 0.004201 0.283012 0.000010 0.648812 0.039698
0.042500 0.000010 0.001395 0.356435 0.022979 0.527907 0.048774
0.001188 0.000010 0.000010 0.244956 0.022476 0.716034 0.015326
0.000010 0.000010 0.004432 0.283929 0.015421 0.674986 0.021212
0.002818 0.000010 0.001980 0.249946 0.022534 0.713706 0.009006
0.053601 0.000010 0.002174 0.327731 0.002019 0.558076 0.056388
0.027340 0.000010 0.004832 0.288055 0.016432 0.627682 0.035650
0.023402 0.000010 0.002054 0.262773 0.000010 0.680107 0.031645
0.041950 0.000010 0.004341 0.231154 0.000010 0.696518 0.026016
0.000010 0.000010 0.003850 0.240772 0.006892 0.723574 0.024891
0.008803 0.000010 0.000451 0.267313 0.012751 0.690118 0.020555
0.006465 0.000010 0.005411 0.210026 0.019860 0.742278 0.015951
0.076351 0.000010 0.012386 0.229967 0.000795 0.627833 0.052658
0.079288 0.000010 0.009345 0.239703 0.000010 0.620395 0.051249
0.067970 0.007196 0.009863 0.239422 0.000010 0.622074 0.053465
0.013165 0.000010 0.004919 0.238102 0.006747 0.713817 0.023240
0.042098 0.000010 0.002456 0.312453 0.025758 0.577634 0.039591
0.034221 0.000010 0.005659 0.253961 0.007493 0.663486 0.035170
0.090350 0.000010 0.006492 0.226772 0.000010 0.626582 0.049784
0.000010 0.000010 0.000010 0.207320 0.033453 0.746604 0.012593
0.010043 0.000010 0.000010 0.229367 0.019390 0.726136 0.015044
0.010571 0.000010 0.003627 0.232518 0.008977 0.719023 0.025274
0.037397 0.000010 0.003494 0.239481 0.000010 0.684134 0.035473
0.088061 0.006228 0.013063 0.209106 0.000010 0.632718 0.050813
0.013887 0.000010 0.000010 0.251153 0.010602 0.699024 0.025314
0.043125 0.000010 0.006433 0.228874 0.000010 0.689968 0.031580
0.067462 0.000010 0.016175 0.222399 0.000010 0.614231 0.079713
0.024416 0.000010 0.005536 0.215722 0.002757 0.723235 0.028325
0.000010 0.000010 0.000010 0.253137 0.014873 0.715527 0.016433
0.002918 0.000010 0.000198 0.211474 0.013657 0.756446 0.015296
0.082234 0.000010 0.010631 0.244085 0.000010 0.605598 0.057432
0.017124 0.000010 0.003936 0.205573 0.013048 0.743280 0.017029
0.057376 0.000010 0.001676 0.204395 0.000010 0.692137 0.044396
0.016482 0.000010 0.000500 0.234895 0.004157 0.724542 0.019414
0.050966 0.000010 0.003605 0.233749 0.003172 0.666938 0.041561
0.093448 0.000010 0.011929 0.238642 0.000010 0.606875 0.049086
0.000010 0.000010 0.001576 0.251558 0.038051 0.703335 0.005459
0.024714 0.000010 0.004272 0.307524 0.001056 0.633597 0.028828
0.046040 0.000010 0.000010 0.247365 0.000010 0.670158 0.036407
0.123309 0.005125 0.005868 0.161896 0.000010 0.635052 0.068739
0.025172 0.000010 0.000010 0.288897 0.000010 0.659414 0.026487
0.062754 0.000010 0.002705 0.312267 0.023385 0.550169 0.048710
0.001774 0.000010 0.000010 0.229078 0.021244 0.736363 0.011520
0.126864 0.003931 0.009057 0.187446 0.000010 0.600414 0.072279
0.026711 0.002129 0.009920 0.212140 0.000010 0.687284 0.061805
0.029580 0.000010 0.002813 0.231211 0.003756 0.705216 0.027414
0.001218 0.000010 0.001377 0.258189 0.015468 0.711247 0.012490
0.000010 0.000010 0.002040 0.200138 0.037121 0.757293 0.003387
0.054263 0.000010 0.006472 0.204731 0.000010 0.691632 0.042882
0.019059 0.000010 0.006013 0.225777 0.008111 0.718129 0.022900
0.007080 0.000010 0.000010 0.162160 0.013871 0.810421 0.006449
0.003321 0.000010 0.005412 0.233792 0.015844 0.724532 0.017089
0.050083 0.000010 0.005851 0.303909 0.003867 0.574889 0.061391
0.070126 0.000010 0.003227 0.236451 0.000010 0.638931 0.051245
0.079507 0.000010 0.006174 0.218810 0.000010 0.649774 0.045714
0.063817 0.009239 0.002961 0.238059 0.005006 0.641645 0.039274
0.000010 0.000010 0.006734 0.238194 0.028590 0.715023 0.011439
0.003557 0.000010 0.001464 0.205351 0.040077 0.739769 0.009772
0.006379 0.000010 0.003873 0.298800 0.000010 0.657521 0.033407
0.006102 0.000010 0.005634 0.244840 0.041413 0.693866 0.008135
0.003447 0.000010 0.001364 0.241624 0.018232 0.717779 0.017545
0.078504 0.000010 0.003865 0.267270 0.000010 0.605608 0.044733
0.016908 0.000010 0.006069 0.270773 0.032223 0.649680 0.024337
0.007043 0.000010 0.000010 0.243872 0.016280 0.708035 0.024749
0.000010 0.000010 0.007079 0.206199 0.017037 0.749509 0.020156
0.017824 0.000010 0.002065 0.200260 0.010641 0.747027 0.022172
0.086765 0.000010 0.000453 0.221753 0.000010 0.647709 0.043299
0.000010 0.000010 0.004761 0.234172 0.037461 0.720924 0.002662
0.000010 0.000010 0.001237 0.224600 0.017899 0.748953 0.007291
