AI16373	BW_CONTROLS	0.036755	0.000010	0.009799	0.104058	0.748919	0.078542	0.021916
AI16389	BW_CONTROLS	0.000010	0.002471	0.001323	0.224171	0.578272	0.193744	0.000010
AI16406	BW_CONTROLS	0.000010	0.000010	0.000010	0.024387	0.940458	0.022704	0.012421
AI41194	BW_CONTROLS	0.000010	0.000010	0.000191	0.025062	0.961204	0.000010	0.013513
AN75622	BW_CONTROLS	0.003429	0.000010	0.000010	0.071453	0.871727	0.033182	0.020188
AN75666	BW_CONTROLS	0.000010	0.000010	0.000010	0.016091	0.937000	0.019806	0.027073
APP5117332	Niger_Congo_Bantu	0.002601	0.000010	0.000010	0.237156	0.022282	0.718810	0.019130
APP5117358	Niger_Congo_Bantu	0.005725	0.000010	0.009130	0.261178	0.025919	0.682453	0.015584
APP5117366	Niger_Congo_Bantu	0.000010	0.000010	0.000010	0.209112	0.051150	0.739698	0.000010
APP5117367	Niger_Congo_Bantu	0.000010	0.002154	0.000010	0.229684	0.061052	0.707080	0.000010
APP5117393	Niger_Congo_Bantu	0.024370	0.002487	0.000010	0.284747	0.006375	0.658911	0.023099
APP5117394	Niger_Congo_Bantu	0.031182	0.000010	0.005556	0.194013	0.007558	0.734233	0.027447
APP5117398	Niger_Congo_Bantu	0.008609	0.000010	0.003383	0.230582	0.048553	0.705138	0.003725
APP5117401	Niger_Congo_Bantu	0.000010	0.000010	0.001345	0.258855	0.044133	0.686936	0.008710
APP5117425	Niger_Congo_Bantu	0.014896	0.000010	0.005825	0.228338	0.063525	0.680024	0.007383
APP5117426	Niger_Congo_Bantu	0.005474	0.000010	0.000010	0.228057	0.046433	0.712701	0.007314
APP5117545	Niger_Congo_Bantu	0.003113	0.000010	0.002705	0.255822	0.004195	0.710214	0.023940
APP5117598	Niger_Congo_Bantu	0.008361	0.000010	0.001294	0.253889	0.017378	0.706626	0.012443
APP5117623	Niger_Congo_Bantu	0.009462	0.000814	0.002810	0.211064	0.007510	0.739847	0.028493
APP5117638	Niger_Congo_Bantu	0.000010	0.000010	0.000010	0.239388	0.033214	0.713631	0.013737
APP5117654	Niger_Congo_Bantu	0.014720	0.000010	0.000632	0.254045	0.007861	0.702539	0.020192
APP5117655	Niger_Congo_Bantu	0.000010	0.000010	0.000010	0.261821	0.033725	0.697353	0.007070
APP5117676	Niger_Congo_Bantu	0.004339	0.000010	0.003013	0.242350	0.041851	0.701224	0.007212
APP5117696	Niger_Congo_Bantu	0.013338	0.000010	0.004891	0.229296	0.000010	0.731197	0.021258
APP5117706	Niger_Congo_Bantu	0.015631	0.000010	0.008107	0.216741	0.000010	0.725339	0.034163
APP5117710	Niger_Congo_Bantu	0.000010	0.000010	0.001368	0.241832	0.015567	0.738174	0.003039
APP5117723	Niger_Congo_Bantu	0.019933	0.000010	0.006378	0.259340	0.032610	0.666315	0.015415
APP5117730	Niger_Congo_Bantu	0.005452	0.000010	0.003102	0.230952	0.019764	0.726036	0.014683
APP5117760	Niger_Congo_Bantu	0.001312	0.000010	0.005551	0.245555	0.033192	0.706963	0.007416
APP5117764	Niger_Congo_Bantu	0.000010	0.000010	0.002909	0.225744	0.029947	0.721873	0.019506
APP5117830	Niger_Congo_Bantu	0.069614	0.000010	0.002321	0.196054	0.000010	0.689381	0.042610
APP5117901	Niger_Congo_Bantu	0.000010	0.000010	0.004741	0.267103	0.054450	0.668600	0.005087
APP5117905	Niger_Congo_Bantu	0.001045	0.000010	0.002522	0.260288	0.045473	0.689446	0.001216
APP5117923	Niger_Congo_Bantu	0.075723	0.000010	0.006756	0.239517	0.001101	0.634661	0.042232
APP5117988	Niger_Congo_Bantu	0.004268	0.000010	0.000010	0.239639	0.033005	0.709982	0.013086
APP5117989	Niger_Congo_Bantu	0.002328	0.000010	0.007772	0.259822	0.026799	0.685115	0.018156
APP5117992	Niger_Congo_Bantu	0.001170	0.000010	0.006434	0.225927	0.019146	0.724052	0.023262
APP5118008	Niger_Congo_Bantu	0.000010	0.000010	0.000010	0.237701	0.044747	0.717513	0.000010
APP5118015	Niger_Congo_Bantu	0.050576	0.000010	0.006184	0.208839	0.000010	0.705372	0.029009
APP5118033	Niger_Congo_Bantu	0.007241	0.000010	0.000010	0.222340	0.039272	0.721597	0.009531
APP5118034	Niger_Congo_Bantu	0.000010	0.000010	0.003082	0.245078	0.027222	0.714586	0.010012
APP5118071	Niger_Congo_Bantu	0.000010	0.004074	0.000010	0.248558	0.056122	0.680410	0.010816
APP5118072	Niger_Congo_Bantu	0.001030	0.000010	0.000010	0.212229	0.026656	0.747581	0.012484
APP5118245	Niger_Congo_Bantu	0.013237	0.004242	0.000010	0.261845	0.022586	0.690312	0.007768
APP5118263	Niger_Congo_Bantu	0.011381	0.000010	0.001118	0.238132	0.037461	0.703342	0.008557
APP5118278	Niger_Congo_Bantu	0.044563	0.000010	0.007673	0.241377	0.012373	0.653328	0.040676
APP5118293	Niger_Congo_Bantu	0.017727	0.000010	0.000010	0.237061	0.006522	0.718510	0.020160
APP5118319	Niger_Congo_Bantu	0.017766	0.000010	0.007828	0.231050	0.026005	0.707084	0.010257
APP5118345	Niger_Congo_Bantu	0.007459	0.000010	0.001255	0.268497	0.018890	0.687392	0.016496
APP5118411	Niger_Congo_Bantu	0.000010	0.002586	0.000010	0.270916	0.055746	0.670722	0.000010
APP5118419	Niger_Congo_Bantu	0.000010	0.000010	0.002265	0.251055	0.034689	0.705000	0.006970
APP5118438	Niger_Congo_Bantu	0.012828	0.000010	0.002122	0.253006	0.025121	0.691425	0.015488
APP5118443	Niger_Congo_Bantu	0.016690	0.000010	0.000010	0.261546	0.028834	0.682402	0.010508
APP5118464	Niger_Congo_Bantu	0.013411	0.000010	0.001389	0.230463	0.016725	0.719527	0.018475
APP5118469	Niger_Congo_Bantu	0.017170	0.000010	0.001465	0.229733	0.015844	0.720547	0.015231
APP5118476	Niger_Congo_Bantu	0.002212	0.000010	0.000010	0.232370	0.051983	0.711058	0.002357
APP5118495	Niger_Congo_Bantu	0.010543	0.000010	0.002430	0.287752	0.075013	0.614550	0.009701
APP5118522	Niger_Congo_Bantu	0.042202	0.000010	0.009517	0.323384	0.008121	0.565243	0.051524
APP5118532	Niger_Congo_Bantu	0.047579	0.009425	0.005281	0.233285	0.000010	0.662375	0.042045
APP5118538	Niger_Congo_Bantu	0.002065	0.000010	0.006160	0.201049	0.012634	0.764218	0.013864
APP5118604	Niger_Congo_Bantu	0.023532	0.000010	0.003205	0.230679	0.034701	0.690204	0.017670
APP5118650	Niger_Congo_Bantu	0.009731	0.003901	0.000216	0.244498	0.062141	0.667124	0.012389
APP5118667	Niger_Congo_Bantu	0.000010	0.000010	0.000010	0.246475	0.024431	0.716699	0.012365
APP5118731	Niger_Congo_Bantu	0.030800	0.000010	0.000010	0.235382	0.005664	0.704914	0.023220
APP5118752	Niger_Congo_Bantu	0.012890	0.000010	0.005810	0.211570	0.015473	0.741655	0.012591
APP5118757	Niger_Congo_Bantu	0.009940	0.000010	0.002557	0.228088	0.021370	0.724753	0.013284
APP5118760	Niger_Congo_Bantu	0.001071	0.000010	0.000010	0.215345	0.021558	0.747575	0.014431
APP5118762	Niger_Congo_Bantu	0.009378	0.000010	0.008049	0.208608	0.008776	0.745995	0.019184
APP5118770	Niger_Congo_Bantu	0.034352	0.000010	0.003349	0.227804	0.000010	0.705021	0.029454
APP5118772	Niger_Congo_Bantu	0.008525	0.000010	0.001776	0.230937	0.009267	0.731470	0.018015
APP5118780	Niger_Congo_Bantu	0.004247	0.000010	0.002361	0.254700	0.018574	0.672621	0.047487
APP5118804	Niger_Congo_Bantu	0.000010	0.000010	0.009120	0.223989	0.036803	0.717257	0.012810
APP5118829	Niger_Congo_Bantu	0.026175	0.001115	0.000190	0.284046	0.000010	0.646356	0.042108
APP5118856	Niger_Congo_Bantu	0.000680	0.000010	0.000242	0.292004	0.014457	0.663246	0.029361
APP5118861	Niger_Congo_Bantu	0.001213	0.000010	0.006132	0.260727	0.006384	0.707330	0.018205
APP5118863	Niger_Congo_Bantu	0.014875	0.001911	0.006408	0.225662	0.020952	0.703107	0.027084
APP5118871	Niger_Congo_Bantu	0.011548	0.000010	0.000010	0.222536	0.017321	0.740846	0.007729
APP5118872	Niger_Congo_Bantu	0.005054	0.000010	0.005280	0.253891	0.011612	0.704162	0.019991
APP5118878	Niger_Congo_Bantu	0.000999	0.000010	0.004598	0.200035	0.025617	0.760480	0.008261
APP5118941	Niger_Congo_Bantu	0.061233	0.000010	0.008216	0.284383	0.000010	0.585014	0.061133
APP5118944	Niger_Congo_Bantu	0.061546	0.000010	0.003966	0.239481	0.003873	0.652205	0.038917
APP5118971	Niger_Congo_Bantu	0.002326	0.000010	0.003129	0.234782	0.028492	0.717479	0.013782
APP5119000	Niger_Congo_Bantu	0.000010	0.000010	0.000010	0.265769	0.026634	0.703562	0.004005
APP5119003	Niger_Congo_Bantu	0.077243	0.000010	0.000010	0.247050	0.000010	0.628088	0.047590
APP5119011	Niger_Congo_Bantu	0.000010	0.000010	0.000010	0.328020	0.048989	0.606936	0.016025
APP5119029	Niger_Congo_Bantu	0.000010	0.000010	0.002287	0.253109	0.009204	0.714196	0.021185
APP5119089	Niger_Congo_Bantu	0.022729	0.000010	0.000010	0.230617	0.001225	0.727594	0.017815
APP5119099	Niger_Congo_Bantu	0.000411	0.006014	0.000010	0.221677	0.020093	0.727391	0.024404
APP5119106	Niger_Congo_Bantu	0.000010	0.000010	0.000010	0.264620	0.017846	0.708394	0.009110
APP5119134	Niger_Congo_Bantu	0.001386	0.000041	0.000010	0.271160	0.026021	0.681592	0.019791
APP5119138	Niger_Congo_Bantu	0.008472	0.000010	0.000010	0.188956	0.061420	0.741122	0.000010
APP5119142	Niger_Congo_Bantu	0.000010	0.000010	0.000010	0.231252	0.026523	0.719043	0.023153
APP5119166	Niger_Congo_Bantu	0.009655	0.000010	0.000010	0.264458	0.034193	0.675769	0.015906
APP5119188	Niger_Congo_Bantu	0.009262	0.000010	0.000010	0.233121	0.038603	0.695234	0.023760
APP5119199	Niger_Congo_Bantu	0.000010	0.000010	0.000010	0.244872	0.028424	0.709785	0.016889
APP5119239	Niger_Congo_Bantu	0.015480	0.000010	0.000552	0.242468	0.011293	0.696732	0.033465
APP5119241	Niger_Congo_Bantu	0.021272	0.000010	0.006626	0.223882	0.029167	0.692653	0.026390
APP5119262	Niger_Congo_Bantu	0.001602	0.000010	0.001922	0.244894	0.047917	0.703645	0.000010
APP5119287	Niger_Congo_Bantu	0.000681	0.000010	0.003695	0.232359	0.041784	0.710767	0.010705
APP5119289	Niger_Congo_Bantu	0.000010	0.000010	0.000010	0.237625	0.014575	0.727766	0.020004
APP5119354	Niger_Congo_Bantu	0.000010	0.000010	0.001077	0.222764	0.046534	0.716770	0.012837
APP5119361	Niger_Congo_Bantu	0.027231	0.000010	0.000010	0.232906	0.000010	0.722013	0.017819
APP5119403	Niger_Congo_Bantu	0.059739	0.004648	0.006970	0.309395	0.000010	0.569333	0.049905
APP5119465	Niger_Congo_Bantu	0.002338	0.000010	0.004708	0.221483	0.021328	0.729949	0.020184
APP5119514	Niger_Congo_Bantu	0.043260	0.000010	0.006576	0.251463	0.016145	0.656522	0.026024
APP5139223	Niger_Congo_Bantu	0.014593	0.000010	0.000010	0.245697	0.008609	0.705305	0.025775
AT31476	BW_CONTROLS	0.000010	0.000010	0.000010	0.000010	0.890066	0.000010	0.109884
AT31509	BW_CONTROLS	0.000968	0.000010	0.000010	0.034930	0.923319	0.028062	0.012701
AT31515	BW_CONTROLS	0.000010	0.000010	0.003263	0.082026	0.825929	0.088752	0.000010
AT31543	BW_CONTROLS	0.000010	0.000010	0.000010	0.001808	0.953768	0.013156	0.031238
AV10214	BW_CONTROLS	0.000010	0.000010	0.000555	0.028541	0.950586	0.008634	0.011664
AV10220	BW_CONTROLS	0.000010	0.000589	0.000010	0.058953	0.887854	0.052575	0.000010
AV10236	BW_CONTROLS	0.000010	0.000010	0.000010	0.000010	0.928255	0.000010	0.071695
AV10242	BW_CONTROLS	0.000010	0.000010	0.000010	0.000010	0.844275	0.000010	0.155675
AV10258	BW_CONTROLS	0.000010	0.000010	0.000010	0.010601	0.954971	0.000010	0.034387
AV10264	BW_CONTROLS	0.006980	0.000496	0.000010	0.146333	0.723965	0.122206	0.000010
AV10286	BW_CONTROLS	0.000814	0.000010	0.000010	0.040251	0.908962	0.015857	0.034097
AV10292	BW_CONTROLS	0.006778	0.000340	0.000010	0.097388	0.849336	0.046138	0.000010
AV10319	BW_CONTROLS	0.000010	0.000010	0.000010	0.000010	0.908900	0.000010	0.091050
AV10436	BW_CONTROLS	0.000010	0.000010	0.000010	0.000010	0.999940	0.000010	0.000010
AV17501	BW_CONTROLS	0.001044	0.000010	0.000010	0.000010	0.998906	0.000010	0.000010
AV17517	BW_CONTROLS	0.000010	0.000010	0.000010	0.000010	0.999940	0.000010	0.000010
AV17523	BW_CONTROLS	0.000309	0.000010	0.000010	0.000010	0.999641	0.000010	0.000010
AV17539	BW_CONTROLS	0.033769	0.000010	0.000010	0.000010	0.939003	0.000386	0.026812
AV17545	BW_CONTROLS	0.000010	0.000010	0.000010	0.006681	0.959936	0.000010	0.033342
AV17551	BW_CONTROLS	0.000010	0.000010	0.000010	0.000619	0.947289	0.000010	0.052051
AV17612	BW_CONTROLS	0.162986	0.005128	0.002189	0.000010	0.815403	0.000010	0.014273
AV17628	BW_CONTROLS	0.000010	0.000010	0.000010	0.000010	0.932085	0.000010	0.067865
AV19193	BW_CONTROLS	0.003721	0.000010	0.000010	0.049831	0.912317	0.034101	0.000010
AV19232	BW_CONTROLS	0.000010	0.000010	0.000010	0.027240	0.929507	0.019463	0.023760
AV19248	BW_CONTROLS	0.002988	0.000010	0.001732	0.000010	0.952814	0.003320	0.039126
AV19260	BW_CONTROLS	0.000382	0.006269	0.002600	0.026221	0.936649	0.023167	0.004713
AV19276	BW_CONTROLS	0.012520	0.000010	0.000010	0.061278	0.875856	0.044736	0.005590
AV22287	BW_CONTROLS	0.004620	0.005273	0.004826	0.081494	0.820811	0.082966	0.000010
AV22293	BW_CONTROLS	0.000010	0.000010	0.000010	0.043740	0.927560	0.001187	0.027483
AV24885	BW_CONTROLS	0.032263	0.002578	0.002778	0.021638	0.897891	0.009281	0.033570
AV24891	BW_CONTROLS	0.044931	0.084953	0.001817	0.000010	0.819515	0.045383	0.003389
AV29013	BW_CONTROLS	0.002870	0.000010	0.000206	0.131816	0.844607	0.020481	0.000010
AV29029	BW_CONTROLS	0.000010	0.000010	0.000010	0.011963	0.950959	0.006422	0.030626
AV29041	BW_CONTROLS	0.022776	0.011244	0.000010	0.093415	0.699399	0.112822	0.060334
AV30260	BW_CONTROLS	0.002499	0.000010	0.000010	0.030438	0.914421	0.041560	0.011062
AV30282	BW_CONTROLS	0.000010	0.000010	0.000010	0.027973	0.919496	0.019699	0.032802
AV30298	BW_CONTROLS	0.000010	0.002150	0.000010	0.034768	0.956474	0.000010	0.006578
AV30315	BW_CONTROLS	0.000309	0.022226	0.000010	0.117276	0.734325	0.125843	0.000010
AV30604	BW_CONTROLS	0.000010	0.000010	0.005160	0.112050	0.787854	0.094907	0.000010
BH15039	BW_CONTROLS	0.000010	0.000010	0.000010	0.050981	0.938538	0.000010	0.010441
BH15217	BW_CONTROLS	0.000010	0.000010	0.000606	0.047539	0.902620	0.041678	0.007536
BM95627	BW_CONTROLS	0.000010	0.000010	0.000010	0.009494	0.903485	0.034044	0.052947
BM95633	BW_CONTROLS	0.000010	0.000010	0.002376	0.054601	0.895849	0.003526	0.043628
BM97136	BW_CONTROLS	0.009026	0.000010	0.000010	0.037137	0.925236	0.010579	0.018003
BM97142	BW_CONTROLS	0.006574	0.000010	0.004213	0.048544	0.894282	0.030440	0.015936
BN10714	BW_CASES	0.000010	0.000010	0.000010	0.037179	0.948896	0.000010	0.013885
BN13994	BW_CONTROLS	0.062236	0.007086	0.001210	0.079641	0.773690	0.063085	0.013052
BT31811	BW_CONTROLS	0.000010	0.012227	0.002440	0.169045	0.663122	0.153146	0.000010
BT31827	BW_CONTROLS	0.002583	0.000010	0.000010	0.102831	0.785661	0.068543	0.040362
BT36627	BW_CONTROLS	0.000010	0.000010	0.000010	0.007106	0.959690	0.006240	0.026934
BT37982	BW_CONTROLS	0.133991	0.015034	0.000010	0.098151	0.697857	0.054947	0.000010
BT38970	BW_CONTROLS	0.102135	0.000298	0.000010	0.033182	0.859042	0.002560	0.002774
CG86499	BW_CONTROLS	0.010391	0.000010	0.000016	0.044668	0.923194	0.021711	0.000010
CG86500	BW_CONTROLS	0.000010	0.000010	0.002025	0.051834	0.927130	0.002867	0.016124
CG86516	BW_CONTROLS	0.003355	0.000010	0.000010	0.059112	0.924415	0.005672	0.007426
CG87932	BW_CONTROLS	0.004009	0.001714	0.000010	0.094947	0.804118	0.095062	0.000141
CG87948	BW_CONTROLS	0.003894	0.000010	0.000010	0.247304	0.595634	0.153138	0.000010
CG89524	BW_CONTROLS	0.020966	0.009802	0.009944	0.158257	0.654097	0.146924	0.000010
CG89530	BW_CONTROLS	0.001749	0.000010	0.001016	0.016287	0.961325	0.000010	0.019602
CG91092	BW_CONTROLS	0.000010	0.000010	0.000010	0.118396	0.807764	0.073800	0.000010
CG93678	BW_CONTROLS	0.099362	0.169615	0.030884	0.000010	0.428497	0.000010	0.271622
CG93684	BW_CONTROLS	0.004508	0.000010	0.000010	0.070036	0.855313	0.063277	0.006846
CG95432	BW_CONTROLS	0.009324	0.000010	0.002075	0.048100	0.905219	0.021693	0.013578
CG95448	BW_CONTROLS	0.003970	0.000010	0.000010	0.057389	0.879216	0.059395	0.000010
CG96781	BW_CONTROLS	0.006104	0.000010	0.000234	0.057399	0.884007	0.043719	0.008527
CG97935	BW_CONTROLS	0.000010	0.000010	0.001827	0.049557	0.915527	0.025779	0.007289
CG97941	BW_CONTROLS	0.000010	0.003721	0.001240	0.064959	0.876774	0.053286	0.000010
CG97957	BW_CONTROLS	0.000010	0.003810	0.000010	0.049832	0.896199	0.015177	0.034962
CG97979	BW_CONTROLS	0.000671	0.000010	0.007762	0.115992	0.772841	0.102714	0.000010
CH01336	BW_CONTROLS	0.004260	0.000029	0.000010	0.063220	0.873299	0.059172	0.000010
CH01564	BW_CONTROLS	0.005313	0.000010	0.003472	0.126613	0.853643	0.010939	0.000010
CH01570	BW_CONTROLS	0.000010	0.001054	0.001062	0.067586	0.881311	0.020583	0.028394
CH02885	BW_CONTROLS	0.000010	0.008529	0.000894	0.133752	0.772725	0.084080	0.000010
CU58113	BW_CONTROLS	0.004545	0.000010	0.000010	0.301043	0.501668	0.192714	0.000010
EGAN00001044421	Afro-Asiatic_Semitic	0.476349	0.065338	0.008775	0.000010	0.000010	0.347687	0.101831
EGAN00001044423	Afro-Asiatic_Semitic	0.458140	0.058357	0.006883	0.000010	0.000010	0.372669	0.103932
EGAN00001044424	Afro-Asiatic_Semitic	0.476012	0.046075	0.004476	0.000010	0.000010	0.368621	0.104797
EGAN00001044425	Afro-Asiatic_Semitic	0.458130	0.074548	0.004951	0.000010	0.000010	0.353708	0.108643
EGAN00001044426	Afro-Asiatic_Semitic	0.488298	0.057139	0.007615	0.000010	0.000010	0.355094	0.091835
EGAN00001044427	Afro-Asiatic_Semitic	0.469907	0.043710	0.014224	0.000010	0.000010	0.359397	0.112742
EGAN00001044428	Afro-Asiatic_Semitic	0.446515	0.065108	0.002073	0.000010	0.000010	0.380975	0.105309
EGAN00001044429	Afro-Asiatic_Semitic	0.475560	0.055922	0.010651	0.000010	0.000010	0.359668	0.098179
EGAN00001044430	Afro-Asiatic_Semitic	0.478518	0.058896	0.004608	0.000010	0.000010	0.355757	0.102201
EGAN00001044431	Afro-Asiatic_Semitic	0.497438	0.047913	0.005975	0.000010	0.000010	0.344924	0.103730
EGAN00001044432	Afro-Asiatic_Semitic	0.464497	0.065745	0.000010	0.000010	0.000010	0.367464	0.102264
EGAN00001044433	Afro-Asiatic_Semitic	0.470440	0.050959	0.005027	0.000010	0.000010	0.365112	0.108443
EGAN00001044434	Afro-Asiatic_Semitic	0.481075	0.057457	0.007025	0.000010	0.000010	0.355145	0.099278
EGAN00001044435	Afro-Asiatic_Semitic	0.497769	0.046341	0.010443	0.000010	0.000010	0.347575	0.097850
EGAN00001044436	Afro-Asiatic_Semitic	0.497593	0.054309	0.000723	0.000010	0.000010	0.350552	0.096802
EGAN00001044437	Afro-Asiatic_Semitic	0.490733	0.055276	0.008758	0.000010	0.000010	0.345804	0.099409
EGAN00001044438	Afro-Asiatic_Semitic	0.437602	0.061767	0.011047	0.000010	0.000010	0.373269	0.116295
EGAN00001044439	Afro-Asiatic_Semitic	0.484928	0.041837	0.016044	0.000010	0.000010	0.354544	0.102627
EGAN00001044440	Afro-Asiatic_Semitic	0.481082	0.063673	0.002642	0.000010	0.000010	0.352896	0.099687
EGAN00001044441	Afro-Asiatic_Semitic	0.502717	0.053017	0.001346	0.000010	0.000010	0.341418	0.101482
EGAN00001044442	Afro-Asiatic_Semitic	0.496930	0.062500	0.000010	0.000010	0.000010	0.338900	0.101639
EGAN00001044443	Afro-Asiatic_Semitic	0.448417	0.058093	0.008948	0.000010	0.000010	0.378065	0.106457
EGAN00001068937	Niger-Congo_Bantu_South	0.000010	0.000010	0.000010	0.247598	0.481286	0.206896	0.064190
EGAN00001068938	Niger-Congo_Bantu_South	0.000010	0.000010	0.000010	0.231178	0.459927	0.231709	0.077156
EGAN00001068943	Niger-Congo_Bantu_South	0.000010	0.000010	0.000010	0.250034	0.451080	0.248359	0.050497
EGAN00001068947	Niger-Congo_Bantu_South	0.000010	0.000010	0.000010	0.236486	0.485831	0.218938	0.058715
EGAN00001068950	Niger-Congo_Bantu_South	0.000010	0.000010	0.000010	0.254703	0.485706	0.207233	0.052328
EGAN00001068954	Niger-Congo_Bantu_South	0.000010	0.000010	0.000010	0.231318	0.465512	0.244744	0.058396
EGAN00001068957	Niger-Congo_Bantu_South	0.000010	0.000010	0.000010	0.251269	0.466942	0.214640	0.067120
EGAN00001068959	Niger-Congo_Bantu_South	0.000010	0.000010	0.000010	0.250738	0.485909	0.206406	0.056918
EGAN00001068962	Niger-Congo_Bantu_South	0.000010	0.000010	0.000010	0.249288	0.442400	0.243829	0.064453
EGAN00001068963	Niger-Congo_Bantu_South	0.000010	0.000010	0.000010	0.236306	0.445820	0.246533	0.071312
EGAN00001068964	Niger-Congo_Bantu_South	0.000010	0.000010	0.000010	0.239409	0.452591	0.254916	0.053053
EGAN00001068965	Niger-Congo_Bantu_South	0.000010	0.000010	0.000010	0.266730	0.436064	0.244783	0.052394
EGAN00001068966	Niger-Congo_Bantu_South	0.000010	0.000010	0.000010	0.214663	0.482141	0.248112	0.055054
EGAN00001068967	Niger-Congo_Bantu_South	0.000010	0.000010	0.000287	0.246346	0.441162	0.261295	0.050890
EGAN00001068968	Niger-Congo_Bantu_South	0.000010	0.000010	0.000010	0.227760	0.487344	0.227609	0.057257
EGAN00001068969	Niger-Congo_Bantu_South	0.000010	0.000010	0.000010	0.255380	0.464534	0.216768	0.063288
EGAN00001068970	Niger-Congo_Bantu_South	0.000010	0.000010	0.000010	0.220941	0.481220	0.250007	0.047802
EGAN00001068971	Niger-Congo_Bantu_South	0.000010	0.000010	0.000010	0.263639	0.487129	0.186274	0.062928
EGAN00001068972	Niger-Congo_Bantu_South	0.000010	0.000010	0.000010	0.269294	0.467740	0.206527	0.056409
EGAN00001068973	Niger-Congo_Bantu_South	0.000010	0.000010	0.002251	0.260539	0.450899	0.236893	0.049398
EGAN00001068974	Niger-Congo_Bantu_South	0.000010	0.000010	0.000010	0.252631	0.464285	0.223417	0.059637
EGAN00001068975	Niger-Congo_Bantu_South	0.000010	0.000010	0.000010	0.303336	0.439372	0.237610	0.019651
EGAN00001069124	Niger-Congo_Bantu_South	0.000010	0.000010	0.000010	0.250104	0.427903	0.263399	0.058564
EGAN00001069125	Niger-Congo_Bantu_South	0.000010	0.000010	0.000010	0.238377	0.445332	0.240713	0.075548
EGAN00001069126	Niger-Congo_Bantu_South	0.000010	0.000010	0.000010	0.236008	0.458405	0.248532	0.057025
EGAN00001069127	Niger-Congo_Bantu_South	0.000010	0.000010	0.000896	0.261220	0.426846	0.235734	0.075285
EGAN00001069128	Niger-Congo_Bantu_South	0.000010	0.000010	0.000010	0.240493	0.480082	0.222921	0.056474
EGAN00001069129	Niger-Congo_Bantu_South	0.000010	0.000010	0.000010	0.244903	0.455987	0.238178	0.060901
EGAN00001069130	Niger-Congo_Bantu_South	0.000010	0.000010	0.000397	0.261268	0.439226	0.236383	0.062706
EGAN00001069131	Niger-Congo_Bantu_South	0.000010	0.000010	0.000010	0.233011	0.467520	0.230456	0.068983
EGAN00001069132	Niger-Congo_Bantu_South	0.000010	0.000010	0.000010	0.247189	0.431948	0.235315	0.085518
EGAN00001069133	Niger-Congo_Bantu_South	0.000010	0.000010	0.000010	0.253682	0.455431	0.208812	0.082045
EGAN00001069134	Niger-Congo_Bantu_South	0.000010	0.000010	0.000010	0.247676	0.464329	0.232003	0.055962
EGAN00001069135	Niger-Congo_Bantu_South	0.000010	0.000010	0.002313	0.249271	0.456266	0.248835	0.043295
EGAN00001069136	Niger-Congo_Bantu_South	0.001187	0.000010	0.002216	0.252685	0.450078	0.224401	0.069424
EGAN00001069137	Niger-Congo_Bantu_South	0.000010	0.000010	0.000010	0.250528	0.451280	0.212178	0.085985
EGAN00001069138	Niger-Congo_Bantu_South	0.000010	0.000010	0.000010	0.253368	0.435406	0.237133	0.074063
EGAN00001069139	Niger-Congo_Bantu_South	0.000010	0.000010	0.000010	0.223272	0.441338	0.280849	0.054511
EGAN00001069140	Niger-Congo_Bantu_South	0.000010	0.000010	0.000010	0.238401	0.457645	0.251842	0.052083
EGAN00001069141	Niger-Congo_Bantu_South	0.159559	0.000010	0.000010	0.176059	0.380362	0.214126	0.069874
EGAN00001069142	Niger-Congo_Bantu_South	0.000010	0.000010	0.000010	0.212050	0.484133	0.230166	0.073621
EGAN00001069143	Niger-Congo_Bantu_South	0.000010	0.000010	0.000010	0.263184	0.449809	0.226739	0.060238
EGAN00001069144	Niger-Congo_Bantu_South	0.000010	0.000010	0.000010	0.264543	0.442143	0.234655	0.058629
EGAN00001069145	Niger-Congo_Bantu_South	0.000010	0.000010	0.000010	0.276090	0.446491	0.241668	0.035721
EGAN00001069146	Niger-Congo_Bantu_South	0.000010	0.000010	0.000010	0.246033	0.450252	0.241814	0.061871
EGAN00001069147	Niger-Congo_Bantu_South	0.000010	0.000010	0.000010	0.240571	0.454764	0.229799	0.074836
EGAN00001069148	Niger-Congo_Bantu_South	0.000010	0.000010	0.000010	0.258149	0.433451	0.239804	0.068566
EGAN00001069149	Niger-Congo_Bantu_South	0.000010	0.000010	0.000010	0.265892	0.428507	0.236660	0.068910
EGAN00001069150	Niger-Congo_Bantu_South	0.000010	0.000010	0.000010	0.245520	0.448663	0.239462	0.066324
EGAN00001069151	Niger-Congo_Bantu_South	0.000010	0.000010	0.000869	0.254615	0.438776	0.230760	0.074960
EGAN00001069152	Niger-Congo_Bantu_South	0.005841	0.000010	0.000010	0.245335	0.443123	0.208410	0.097272
EGAN00001069153	Niger-Congo_Bantu_South	0.000010	0.000010	0.000010	0.253400	0.473149	0.204689	0.068732
EGAN00001069154	Niger-Congo_Bantu_South	0.000010	0.000010	0.000010	0.230682	0.464325	0.233235	0.071728
EGAN00001069155	Niger-Congo_Bantu_South	0.000010	0.000010	0.000010	0.248059	0.438916	0.240291	0.072703
EGAN00001069156	Niger-Congo_Bantu_South	0.000502	0.000010	0.000010	0.248192	0.455487	0.233320	0.062478
EGAN00001069157	Niger-Congo_Bantu_South	0.000010	0.000010	0.000010	0.197063	0.458256	0.259192	0.085459
EGAN00001069158	Niger-Congo_Bantu_South	0.000010	0.000010	0.000010	0.237033	0.470455	0.219059	0.073423
EGAN00001069159	Niger-Congo_Bantu_South	0.000010	0.000010	0.000010	0.231830	0.439341	0.249428	0.079371
EGAN00001069160	Niger-Congo_Bantu_South	0.000010	0.000010	0.000010	0.278332	0.421706	0.237528	0.062405
EGAN00001069161	Niger-Congo_Bantu_South	0.002471	0.000010	0.004485	0.225238	0.447161	0.258799	0.061836
EGAN00001069162	Niger-Congo_Bantu_South	0.000010	0.000010	0.000131	0.272290	0.435120	0.247355	0.045084
EGAN00001069163	Niger-Congo_Bantu_South	0.000010	0.000010	0.000010	0.271168	0.425347	0.249766	0.053689
EGAN00001069164	Niger-Congo_Bantu_South	0.000559	0.005225	0.000332	0.251930	0.454652	0.234860	0.052443
EGAN00001069165	Niger-Congo_Bantu_South	0.000010	0.000010	0.000010	0.232352	0.479944	0.242023	0.045651
EGAN00001069166	Niger-Congo_Bantu_South	0.000010	0.000010	0.000010	0.248923	0.453946	0.230764	0.066336
EGAN00001069168	Niger-Congo_Bantu_South	0.000010	0.000010	0.000010	0.251823	0.460111	0.208013	0.080023
EGAN00001069169	Niger-Congo_Bantu_South	0.000010	0.000010	0.000010	0.256645	0.475732	0.214694	0.052900
EGAN00001069170	Niger-Congo_Bantu_South	0.000010	0.000010	0.000010	0.257103	0.439108	0.226076	0.077684
EGAN00001069171	Niger-Congo_Bantu_South	0.000010	0.000010	0.000010	0.231070	0.448915	0.257728	0.062257
EGAN00001069172	Niger-Congo_Bantu_South	0.000140	0.000010	0.000010	0.245649	0.442946	0.236896	0.074350
EGAN00001069173	Niger-Congo_Bantu_South	0.000010	0.000010	0.000010	0.293641	0.447108	0.210323	0.048898
EGAN00001069174	Niger-Congo_Bantu_South	0.000010	0.000010	0.000010	0.236130	0.437694	0.229398	0.096748
EGAN00001069175	Niger-Congo_Bantu_South	0.000010	0.000010	0.000010	0.217289	0.450162	0.256547	0.075972
EGAN00001069176	Niger-Congo_Bantu_South	0.000530	0.000010	0.000369	0.238404	0.443858	0.240714	0.076115
EGAN00001069177	Niger-Congo_Bantu_South	0.000010	0.000010	0.001180	0.228600	0.444020	0.253229	0.072950
EGAN00001069178	Niger-Congo_Bantu_South	0.000010	0.000010	0.000010	0.252279	0.425498	0.265775	0.056418
EGAN00001069179	Niger-Congo_Bantu_South	0.003025	0.000010	0.000010	0.240163	0.446439	0.227541	0.082812
EGAN00001069180	Niger-Congo_Bantu_South	0.000010	0.000010	0.000010	0.263860	0.434038	0.237340	0.064732
EGAN00001069181	Niger-Congo_Bantu_South	0.000010	0.000010	0.000010	0.255678	0.448192	0.249429	0.046672
EGAN00001069182	Niger-Congo_Bantu_South	0.000010	0.000010	0.000010	0.256854	0.428059	0.253860	0.061198
EGAN00001069183	Niger-Congo_Bantu_South	0.000010	0.000010	0.000010	0.257968	0.438608	0.232630	0.070763
EGAN00001069184	Niger-Congo_Bantu_South	0.000010	0.000010	0.002948	0.293665	0.427412	0.252004	0.023951
EGAN00001069185	Niger-Congo_Bantu_South	0.000010	0.000010	0.000010	0.225490	0.455340	0.232488	0.086652
EGAN00001069186	Niger-Congo_Bantu_South	0.000010	0.000010	0.000010	0.254157	0.437761	0.240390	0.067662
EGAN00001069187	Niger-Congo_Bantu_South	0.000010	0.000010	0.000010	0.258478	0.432525	0.231599	0.077368
EGAN00001069188	Niger-Congo_Bantu_South	0.000010	0.000010	0.002080	0.249599	0.441625	0.232383	0.074293
EGAN00001069189	Niger-Congo_Bantu_South	0.022146	0.000010	0.019311	0.213611	0.432796	0.204320	0.107806
EGAN00001069190	Niger-Congo_Bantu_South	0.000010	0.000010	0.000010	0.244728	0.448890	0.235976	0.070376
EGAN00001069193	Niger-Congo_Bantu_South	0.000010	0.000010	0.005330	0.249096	0.446804	0.226961	0.071789
EGAN00001069194	Niger-Congo_Bantu_South	0.000010	0.000010	0.000010	0.267848	0.454205	0.211903	0.066013
EGAN00001069195	Niger-Congo_Bantu_South	0.000010	0.000010	0.000010	0.240615	0.435813	0.257135	0.066407
EGAN00001069196	Niger-Congo_Bantu_South	0.000010	0.000010	0.001673	0.274589	0.423839	0.232709	0.067169
EGAN00001069197	Niger-Congo_Bantu_South	0.000010	0.000010	0.000010	0.240539	0.446633	0.256503	0.056294
EGAN00001069198	Niger-Congo_Bantu_South	0.000010	0.000010	0.000010	0.249401	0.453943	0.221439	0.075187
EGAN00001069199	Niger-Congo_Bantu_South	0.000010	0.000010	0.000010	0.252550	0.429025	0.235692	0.082703
EGAN00001069200	Niger-Congo_Bantu_South	0.000010	0.000010	0.000493	0.245993	0.453019	0.250310	0.050166
EGAN00001069201	Niger-Congo_Bantu_South	0.000010	0.000010	0.000010	0.238252	0.442520	0.242162	0.077036
EGAN00001069202	Niger-Congo_Bantu_South	0.000010	0.000010	0.000010	0.263516	0.441958	0.237340	0.057156
EGAN00001071672	Afro-Asiatic_Cushitic	0.430199	0.059012	0.010195	0.000011	0.000010	0.382601	0.117972
EGAN00001071678	Afro-Asiatic_Cushitic	0.464246	0.051513	0.000155	0.000010	0.000010	0.368548	0.115517
EGAN00001071679	Afro-Asiatic_Cushitic	0.445925	0.067787	0.000322	0.000010	0.000010	0.386107	0.099839
EGAN00001071689	Afro-Asiatic_Cushitic	0.444541	0.063836	0.005950	0.000010	0.000010	0.370225	0.115427
EGAN00001071690	Afro-Asiatic_Cushitic	0.437709	0.053720	0.005874	0.000010	0.000010	0.384938	0.117740
EGAN00001071702	Afro-Asiatic_Cushitic	0.449277	0.049241	0.000010	0.000010	0.000010	0.392324	0.109128
EGAN00001071703	Afro-Asiatic_Cushitic	0.452594	0.063441	0.008030	0.000010	0.000010	0.383183	0.092732
EGAN00001071705	Afro-Asiatic_Cushitic	0.384835	0.039083	0.011913	0.000014	0.000010	0.453476	0.110668
EGAN00001071714	Afro-Asiatic_Cushitic	0.441312	0.069099	0.005498	0.000010	0.000010	0.374677	0.109394
EGAN00001071715	Afro-Asiatic_Cushitic	0.446533	0.037053	0.010946	0.000010	0.000010	0.389195	0.116253
EGAN00001071717	Afro-Asiatic_Cushitic	0.376273	0.029791	0.006826	0.002597	0.000010	0.467899	0.116604
EGAN00001071721	Afro-Asiatic_Cushitic	0.443558	0.059108	0.002273	0.000010	0.000010	0.383038	0.112003
EGAN00001071722	Afro-Asiatic_Cushitic	0.428134	0.057275	0.009078	0.000010	0.000010	0.388358	0.117135
EGAN00001071723	Afro-Asiatic_Cushitic	0.438758	0.051809	0.010054	0.000010	0.000010	0.382869	0.116490
EGAN00001071735	Afro-Asiatic_Cushitic	0.431842	0.048822	0.017822	0.000010	0.000010	0.379750	0.121743
EGAN00001071736	Afro-Asiatic_Cushitic	0.417670	0.052216	0.019729	0.000010	0.000010	0.395658	0.114707
EGAN00001071737	Afro-Asiatic_Cushitic	0.372733	0.046499	0.008521	0.014774	0.000010	0.454437	0.103027
EGAN00001071746	Afro-Asiatic_Cushitic	0.453046	0.055782	0.006368	0.000010	0.000010	0.374187	0.110598
EGAN00001071747	Afro-Asiatic_Cushitic	0.350803	0.060324	0.006396	0.027270	0.000010	0.427064	0.128134
EGAN00001071752	Afro-Asiatic_Cushitic	0.394423	0.024808	0.016716	0.000010	0.000010	0.462637	0.101396
EGAN00001071759	Afro-Asiatic_Cushitic	0.417776	0.066534	0.007107	0.000010	0.000010	0.395546	0.113017
EGAN00001071760	Afro-Asiatic_Cushitic	0.383090	0.044849	0.008109	0.008883	0.000010	0.418569	0.136490
EGAN00001071762	Afro-Asiatic_Cushitic	0.393350	0.011070	0.021472	0.009222	0.000010	0.456030	0.108847
EGAN00001071768	Afro-Asiatic_Cushitic	0.462927	0.071121	0.000250	0.000010	0.000010	0.364974	0.100708
EGAN00001071770	Afro-Asiatic_Cushitic	0.480659	0.058328	0.003786	0.000010	0.000010	0.353990	0.103217
EGAN00001071771	Afro-Asiatic_Cushitic	0.445103	0.048928	0.013031	0.028793	0.000010	0.375442	0.088692
EGAN00001071772	Afro-Asiatic_Cushitic	0.384544	0.037418	0.012868	0.000010	0.000010	0.462963	0.102188
EGAN00001071778	Afro-Asiatic_Cushitic	0.409003	0.066818	0.008746	0.000010	0.000010	0.401074	0.114339
EGAN00001071782	Afro-Asiatic_Cushitic	0.369035	0.046383	0.007787	0.000010	0.000010	0.460192	0.116583
EGAN00001071784	Afro-Asiatic_Cushitic	0.384004	0.040633	0.003684	0.000010	0.000010	0.459533	0.112126
EGAN00001071792	Afro-Asiatic_Cushitic	0.442633	0.059845	0.009540	0.000010	0.000010	0.373436	0.114525
EGAN00001071794	Afro-Asiatic_Cushitic	0.376148	0.046322	0.005044	0.015794	0.000010	0.454443	0.102240
EGAN00001071795	Afro-Asiatic_Cushitic	0.371034	0.048985	0.001999	0.004405	0.000010	0.464882	0.108685
EGAN00001071805	Afro-Asiatic_Cushitic	0.462539	0.056608	0.003661	0.000010	0.000010	0.365765	0.111408
EGAN00001071806	Afro-Asiatic_Cushitic	0.487583	0.059344	0.004645	0.000010	0.000010	0.348053	0.100354
EGAN00001071807	Afro-Asiatic_Cushitic	0.370319	0.036647	0.015045	0.008868	0.000010	0.457319	0.111792
EGAN00001071808	Afro-Asiatic_Cushitic	0.360639	0.051233	0.007832	0.036729	0.000010	0.446682	0.096875
EGAN00001071816	Afro-Asiatic_Cushitic	0.364118	0.037300	0.004241	0.002046	0.000010	0.472818	0.119467
EGAN00001071818	Afro-Asiatic_Cushitic	0.330350	0.030249	0.016477	0.070817	0.000010	0.449140	0.102957
EGAN00001071819	Afro-Asiatic_Cushitic	0.361875	0.046437	0.008408	0.020592	0.000423	0.462369	0.099896
EGAN00001071820	Afro-Asiatic_Cushitic	0.356380	0.053837	0.005387	0.012564	0.000010	0.459298	0.112525
EGAN00001071821	Afro-Asiatic_Cushitic	0.363024	0.038852	0.009692	0.001793	0.000010	0.468462	0.118168
EGAN00001071822	Afro-Asiatic_Cushitic	0.389935	0.021188	0.014206	0.000010	0.000010	0.460471	0.114179
EGAN00001071823	Afro-Asiatic_Cushitic	0.389223	0.035225	0.006744	0.000010	0.000010	0.453647	0.115141
EGAN00001071824	Afro-Asiatic_Cushitic	0.363880	0.026968	0.018025	0.000010	0.000010	0.471442	0.119665
EGAN00001071825	Afro-Asiatic_Cushitic	0.368036	0.037025	0.012933	0.006064	0.000010	0.467322	0.108612
EGAN00001071826	Afro-Asiatic_Cushitic	0.350236	0.047004	0.013072	0.000495	0.000010	0.485975	0.103208
EGAN00001071827	Afro-Asiatic_Omotic	0.360424	0.060998	0.014227	0.000010	0.000010	0.423343	0.140988
EGAN00001071828	Afro-Asiatic_Omotic	0.349447	0.052242	0.019698	0.000010	0.000010	0.440633	0.137960
EGAN00001071829	Afro-Asiatic_Omotic	0.356639	0.068435	0.009351	0.000010	0.000010	0.420145	0.145409
EGAN00001071830	Afro-Asiatic_Omotic	0.303140	0.084244	0.014315	0.005655	0.000010	0.441020	0.151618
EGAN00001071831	Afro-Asiatic_Omotic	0.306741	0.058073	0.018446	0.000010	0.000010	0.444476	0.172244
EGAN00001071832	Afro-Asiatic_Omotic	0.387680	0.044807	0.016823	0.000012	0.000010	0.422195	0.128473
EGAN00001071833	Afro-Asiatic_Omotic	0.372439	0.048638	0.019258	0.003740	0.000010	0.423783	0.132132
EGAN00001071834	Afro-Asiatic_Omotic	0.291564	0.061897	0.019091	0.005271	0.000010	0.460218	0.161949
EGAN00001071835	Afro-Asiatic_Omotic	0.399003	0.065106	0.001355	0.000010	0.000010	0.406681	0.127835
EGAN00001071836	Afro-Asiatic_Omotic	0.366727	0.050674	0.006932	0.000010	0.000010	0.432488	0.143158
EGAN00001071837	Afro-Asiatic_Omotic	0.388312	0.065941	0.007198	0.001319	0.000010	0.407546	0.129673
EGAN00001071838	Afro-Asiatic_Omotic	0.318491	0.069891	0.017393	0.000010	0.000010	0.439248	0.154957
EGAN00001071839	Afro-Asiatic_Omotic	0.325878	0.053033	0.016462	0.000010	0.000010	0.451403	0.153205
EGAN00001071840	Afro-Asiatic_Omotic	0.386700	0.047593	0.012794	0.000010	0.000010	0.427709	0.125184
EGAN00001071841	Afro-Asiatic_Omotic	0.355860	0.065379	0.004075	0.001853	0.000010	0.431777	0.141047
EGAN00001071842	Afro-Asiatic_Omotic	0.366947	0.062453	0.015783	0.000010	0.000010	0.417657	0.137141
EGAN00001071843	Afro-Asiatic_Omotic	0.374988	0.062588	0.009586	0.003640	0.000010	0.418651	0.130536
EGAN00001071844	Afro-Asiatic_Omotic	0.409702	0.057266	0.002630	0.000010	0.000010	0.408504	0.121879
EGAN00001071845	Afro-Asiatic_Omotic	0.347157	0.065503	0.004483	0.000010	0.000010	0.436008	0.146829
EGAN00001071846	Afro-Asiatic_Omotic	0.328999	0.071297	0.010378	0.006225	0.000010	0.429655	0.153436
EGAN00001071847	Afro-Asiatic_Omotic	0.370877	0.060951	0.006473	0.000010	0.000010	0.424267	0.137412
EGAN00001071848	Afro-Asiatic_Omotic	0.287492	0.071731	0.013619	0.000010	0.000010	0.455787	0.171351
EGAN00001071849	Afro-Asiatic_Omotic	0.361373	0.060006	0.013557	0.004954	0.000010	0.417261	0.142839
EGAN00001071850	Afro-Asiatic_Omotic	0.353724	0.060056	0.016667	0.004472	0.000010	0.420291	0.144779
EGAN00001101667	Afro-Asiatic	0.740463	0.073049	0.000010	0.000010	0.000010	0.101518	0.084941
EGAN00001101668	Afro-Asiatic	0.739252	0.061956	0.000010	0.000010	0.000010	0.110527	0.088234
EGAN00001101669	Afro-Asiatic	0.726653	0.076943	0.000010	0.003903	0.000010	0.106816	0.085665
EGAN00001101670	Afro-Asiatic	0.701574	0.075121	0.000010	0.002352	0.000010	0.134278	0.086656
EGAN00001101671	Afro-Asiatic	0.711135	0.075231	0.000010	0.000902	0.000010	0.124624	0.088088
EGAN00001101672	Afro-Asiatic	0.782439	0.071489	0.000010	0.000010	0.000010	0.065181	0.080861
EGAN00001101676	Afro-Asiatic	0.723009	0.065644	0.000010	0.004246	0.000010	0.126212	0.080869
EGAN00001101677	Afro-Asiatic	0.736483	0.073639	0.000010	0.002470	0.000010	0.105401	0.081987
EGAN00001101678	Afro-Asiatic	0.739547	0.063920	0.000010	0.009121	0.000010	0.102636	0.084756
EGAN00001101679	Afro-Asiatic	0.706511	0.073036	0.000010	0.000010	0.000010	0.131482	0.088941
EGAN00001101680	Afro-Asiatic	0.734846	0.071406	0.000010	0.009740	0.000010	0.099527	0.084460
EGAN00001101681	Afro-Asiatic	0.718028	0.070235	0.000010	0.000016	0.000010	0.126229	0.085473
EGAN00001101682	Afro-Asiatic	0.722304	0.069121	0.000010	0.000010	0.000010	0.122098	0.086447
EGAN00001101687	Afro-Asiatic	0.792875	0.086782	0.000010	0.000010	0.000010	0.092422	0.027891
EGAN00001101688	Afro-Asiatic	0.728537	0.082545	0.000010	0.000010	0.000010	0.101689	0.087199
EGAN00001101689	Afro-Asiatic	0.726042	0.076818	0.000010	0.000010	0.000010	0.108055	0.089055
EGAN00001101690	Afro-Asiatic	0.727791	0.049679	0.000010	0.012991	0.000010	0.123896	0.085622
EGAN00001101692	Afro-Asiatic	0.719671	0.081937	0.000010	0.000010	0.000010	0.112326	0.086036
EGAN00001101694	Afro-Asiatic	0.722831	0.070846	0.000010	0.002829	0.000010	0.119226	0.084248
EGAN00001101699	Afro-Asiatic	0.729237	0.057997	0.000010	0.000010	0.000010	0.123773	0.088963
EGAN00001101700	Afro-Asiatic	0.729630	0.074191	0.000010	0.000010	0.000010	0.109351	0.086798
EGAN00001101702	Afro-Asiatic	0.731234	0.086248	0.000010	0.002660	0.000010	0.146782	0.033056
EGAN00001101705	Afro-Asiatic	0.768810	0.064064	0.000010	0.000010	0.000010	0.084190	0.082907
EGAN00001101706	Afro-Asiatic	0.691104	0.059594	0.000010	0.007741	0.000010	0.157638	0.083904
EGAN00001101711	Afro-Asiatic	0.716825	0.063524	0.000010	0.002797	0.000010	0.126538	0.090296
EGAN00001101712	Afro-Asiatic	0.748614	0.069527	0.000010	0.000010	0.000010	0.099568	0.082262
EGAN00001101713	Afro-Asiatic	0.741706	0.072483	0.000010	0.000010	0.000010	0.100685	0.085096
EGAN00001101716	Afro-Asiatic	0.731361	0.080552	0.000010	0.000010	0.000010	0.102233	0.085825
EGAN00001101717	Afro-Asiatic	0.693910	0.087958	0.000010	0.013570	0.000010	0.116338	0.088204
EGAN00001101718	Afro-Asiatic	0.718074	0.076505	0.000010	0.000015	0.000010	0.120290	0.085096
EGAN00001101719	Afro-Asiatic	0.746926	0.074735	0.000010	0.000010	0.000010	0.095569	0.082740
EGAN00001101723	Afro-Asiatic	0.752134	0.064667	0.000010	0.000010	0.000010	0.097445	0.085723
EGAN00001101724	Afro-Asiatic	0.694443	0.075238	0.000010	0.003220	0.000010	0.136734	0.090346
EGAN00001101725	Afro-Asiatic	0.699510	0.090268	0.000010	0.016509	0.000010	0.160410	0.033284
EGAN00001101732	Afro-Asiatic	0.707189	0.094358	0.000010	0.007524	0.000010	0.109107	0.081802
EGAN00001101734	Afro-Asiatic	0.704323	0.055006	0.000010	0.000010	0.000010	0.149810	0.090830
EGAN00001101735	Afro-Asiatic	0.732390	0.081138	0.000010	0.000010	0.000010	0.104551	0.081891
EGAN00001101736	Afro-Asiatic	0.697021	0.068494	0.000010	0.000010	0.000010	0.141578	0.092877
EGAN00001101737	Afro-Asiatic	0.727903	0.074353	0.000010	0.000010	0.000010	0.110061	0.087653
EGAN00001101739	Afro-Asiatic	0.747795	0.071328	0.000010	0.000010	0.000010	0.100580	0.080267
EGAN00001101742	Afro-Asiatic	0.744690	0.074051	0.000010	0.000010	0.000010	0.101509	0.079720
EGAN00001101744	Afro-Asiatic	0.752776	0.061292	0.000010	0.000010	0.000010	0.100720	0.085182
EGAN00001101748	Afro-Asiatic	0.725996	0.074427	0.000010	0.000010	0.000010	0.112625	0.086922
EGAN00001101749	Afro-Asiatic	0.726650	0.068800	0.000010	0.004998	0.000010	0.114952	0.084580
EGAN00001101750	Afro-Asiatic	0.742404	0.065900	0.000010	0.000010	0.000010	0.107665	0.084001
EGAN00001101751	Afro-Asiatic	0.587070	0.066386	0.000010	0.000991	0.000010	0.240575	0.104958
EGAN00001101752	Afro-Asiatic	0.768455	0.061707	0.000010	0.000010	0.000010	0.088235	0.081573
EGAN00001101753	Afro-Asiatic	0.222861	0.731895	0.009439	0.000010	0.000010	0.000010	0.035776
EGAN00001101754	Afro-Asiatic	0.716554	0.089536	0.000010	0.001170	0.000010	0.108226	0.084495
EGAN00001101755	Afro-Asiatic	0.732195	0.064449	0.000010	0.002704	0.000010	0.114509	0.086123
EGAN00001101756	Afro-Asiatic	0.740864	0.058005	0.000010	0.000010	0.000010	0.117721	0.083380
