AI16373	BW_CONTROLS	0.309798	0.651299	0.007684	0.031219
AI16389	BW_CONTROLS	0.177651	0.822198	0.000141	0.000010
AI16406	BW_CONTROLS	0.391379	0.608601	0.000010	0.000010
AI41194	BW_CONTROLS	0.401904	0.598076	0.000010	0.000010
AN75622	BW_CONTROLS	0.363692	0.636288	0.000010	0.000010
AN75666	BW_CONTROLS	0.405356	0.594624	0.000010	0.000010
APP5117332	Niger_Congo_Bantu	0.004348	0.982882	0.000520	0.012250
APP5117358	Niger_Congo_Bantu	0.003672	0.969957	0.008904	0.017467
APP5117366	Niger_Congo_Bantu	0.000010	0.999970	0.000010	0.000010
APP5117367	Niger_Congo_Bantu	0.000010	0.991254	0.000010	0.008726
APP5117393	Niger_Congo_Bantu	0.003734	0.955838	0.000010	0.040418
APP5117394	Niger_Congo_Bantu	0.002857	0.946631	0.004819	0.045693
APP5117398	Niger_Congo_Bantu	0.000010	0.979006	0.003616	0.017368
APP5117401	Niger_Congo_Bantu	0.005094	0.987753	0.000722	0.006432
APP5117425	Niger_Congo_Bantu	0.008762	0.960455	0.005095	0.025688
APP5117426	Niger_Congo_Bantu	0.003094	0.983229	0.000010	0.013667
APP5117545	Niger_Congo_Bantu	0.000588	0.980061	0.002918	0.016433
APP5117598	Niger_Congo_Bantu	0.000010	0.980391	0.001677	0.017921
APP5117623	Niger_Congo_Bantu	0.004392	0.967849	0.003414	0.024344
APP5117638	Niger_Congo_Bantu	0.003403	0.986966	0.000010	0.009621
APP5117654	Niger_Congo_Bantu	0.000010	0.972133	0.001314	0.026543
APP5117655	Niger_Congo_Bantu	0.000010	0.993982	0.003830	0.002178
APP5117676	Niger_Congo_Bantu	0.002321	0.981690	0.002756	0.013233
APP5117696	Niger_Congo_Bantu	0.000010	0.968323	0.004912	0.026755
APP5117706	Niger_Congo_Bantu	0.008394	0.952795	0.008360	0.030450
APP5117710	Niger_Congo_Bantu	0.000010	0.991567	0.003329	0.005094
APP5117723	Niger_Congo_Bantu	0.006146	0.955735	0.006455	0.031664
APP5117730	Niger_Congo_Bantu	0.000010	0.979782	0.002770	0.017437
APP5117760	Niger_Congo_Bantu	0.000010	0.984018	0.005336	0.010636
APP5117764	Niger_Congo_Bantu	0.007001	0.978748	0.003782	0.010469
APP5117830	Niger_Congo_Bantu	0.010337	0.900198	0.001449	0.088015
APP5117901	Niger_Congo_Bantu	0.006247	0.984456	0.009287	0.000010
APP5117905	Niger_Congo_Bantu	0.000010	0.988761	0.003001	0.008228
APP5117923	Niger_Congo_Bantu	0.013709	0.887339	0.006398	0.092553
APP5117988	Niger_Congo_Bantu	0.002251	0.981764	0.000010	0.015975
APP5117989	Niger_Congo_Bantu	0.005892	0.973069	0.007026	0.014012
APP5117992	Niger_Congo_Bantu	0.006344	0.974028	0.006313	0.013316
APP5118008	Niger_Congo_Bantu	0.001690	0.995195	0.000010	0.003106
APP5118015	Niger_Congo_Bantu	0.001094	0.927230	0.006114	0.065562
APP5118033	Niger_Congo_Bantu	0.001409	0.980781	0.000010	0.017800
APP5118034	Niger_Congo_Bantu	0.000803	0.988688	0.003132	0.007378
APP5118071	Niger_Congo_Bantu	0.011011	0.975666	0.000010	0.013313
APP5118072	Niger_Congo_Bantu	0.000011	0.990372	0.000010	0.009607
APP5118245	Niger_Congo_Bantu	0.000010	0.972759	0.000120	0.027111
APP5118263	Niger_Congo_Bantu	0.000745	0.977549	0.001521	0.020184
APP5118278	Niger_Congo_Bantu	0.020116	0.911836	0.007729	0.060320
APP5118293	Niger_Congo_Bantu	0.000011	0.969794	0.000010	0.030185
APP5118319	Niger_Congo_Bantu	0.000010	0.964176	0.007536	0.028278
APP5118345	Niger_Congo_Bantu	0.005171	0.976431	0.000421	0.017977
APP5118411	Niger_Congo_Bantu	0.000010	0.990344	0.000010	0.009636
APP5118419	Niger_Congo_Bantu	0.000010	0.992362	0.004711	0.002917
APP5118438	Niger_Congo_Bantu	0.002671	0.971619	0.002434	0.023276
APP5118443	Niger_Congo_Bantu	0.000010	0.972299	0.000010	0.027681
APP5118464	Niger_Congo_Bantu	0.001707	0.970828	0.000941	0.026524
APP5118469	Niger_Congo_Bantu	0.000010	0.969694	0.001701	0.028595
APP5118476	Niger_Congo_Bantu	0.000011	0.988973	0.000010	0.011006
APP5118495	Niger_Congo_Bantu	0.019898	0.958820	0.002307	0.018975
APP5118522	Niger_Congo_Bantu	0.031901	0.899322	0.009608	0.059169
APP5118532	Niger_Congo_Bantu	0.014300	0.906142	0.008374	0.071184
APP5118538	Niger_Congo_Bantu	0.000010	0.981883	0.006064	0.012043
APP5118604	Niger_Congo_Bantu	0.007231	0.954152	0.003086	0.035531
APP5118650	Niger_Congo_Bantu	0.014068	0.961531	0.001137	0.023265
APP5118667	Niger_Congo_Bantu	0.000010	0.990227	0.001307	0.008456
APP5118731	Niger_Congo_Bantu	0.000350	0.955496	0.000010	0.044143
APP5118752	Niger_Congo_Bantu	0.000010	0.969943	0.005055	0.024992
APP5118757	Niger_Congo_Bantu	0.000010	0.977437	0.001935	0.020618
APP5118760	Niger_Congo_Bantu	0.000011	0.988206	0.000010	0.011773
APP5118762	Niger_Congo_Bantu	0.000010	0.970695	0.007949	0.021346
APP5118770	Niger_Congo_Bantu	0.001872	0.945959	0.003528	0.048641
APP5118772	Niger_Congo_Bantu	0.000010	0.978464	0.000961	0.020565
APP5118780	Niger_Congo_Bantu	0.029167	0.948384	0.002844	0.019605
APP5118804	Niger_Congo_Bantu	0.004660	0.978179	0.010550	0.006611
APP5118829	Niger_Congo_Bantu	0.018131	0.938082	0.000010	0.043777
APP5118856	Niger_Congo_Bantu	0.013403	0.973894	0.001773	0.010930
APP5118861	Niger_Congo_Bantu	0.000010	0.982092	0.006098	0.011800
APP5118863	Niger_Congo_Bantu	0.011276	0.951719	0.006810	0.030195
APP5118871	Niger_Congo_Bantu	0.000010	0.980226	0.000010	0.019754
APP5118872	Niger_Congo_Bantu	0.002142	0.974912	0.005435	0.017511
APP5118878	Niger_Congo_Bantu	0.000010	0.984103	0.004876	0.011011
APP5118941	Niger_Congo_Bantu	0.033406	0.878229	0.008345	0.080021
APP5118944	Niger_Congo_Bantu	0.012725	0.905497	0.003521	0.078257
APP5118971	Niger_Congo_Bantu	0.001749	0.984188	0.004304	0.009759
APP5119000	Niger_Congo_Bantu	0.000010	0.993157	0.002725	0.004108
APP5119003	Niger_Congo_Bantu	0.013511	0.891264	0.000010	0.095214
APP5119011	Niger_Congo_Bantu	0.017027	0.974513	0.000010	0.008450
APP5119029	Niger_Congo_Bantu	0.002454	0.986675	0.003833	0.007038
APP5119089	Niger_Congo_Bantu	0.000010	0.965293	0.000010	0.034687
APP5119099	Niger_Congo_Bantu	0.008198	0.971385	0.001059	0.019358
APP5119106	Niger_Congo_Bantu	0.000010	0.993115	0.000010	0.006865
APP5119134	Niger_Congo_Bantu	0.007335	0.979285	0.000010	0.013370
APP5119138	Niger_Congo_Bantu	0.000010	0.982248	0.000010	0.017732
APP5119142	Niger_Congo_Bantu	0.011182	0.979678	0.001650	0.007491
APP5119166	Niger_Congo_Bantu	0.007062	0.972584	0.000010	0.020344
APP5119188	Niger_Congo_Bantu	0.014427	0.963025	0.000010	0.022538
APP5119199	Niger_Congo_Bantu	0.005937	0.986908	0.002564	0.004592
APP5119239	Niger_Congo_Bantu	0.012731	0.957130	0.001516	0.028623
APP5119241	Niger_Congo_Bantu	0.013023	0.945679	0.006447	0.034851
APP5119262	Niger_Congo_Bantu	0.000010	0.989540	0.001964	0.008485
APP5119287	Niger_Congo_Bantu	0.004936	0.981605	0.003343	0.010117
APP5119289	Niger_Congo_Bantu	0.002767	0.986583	0.000843	0.009807
APP5119354	Niger_Congo_Bantu	0.008789	0.981768	0.002418	0.007025
APP5119361	Niger_Congo_Bantu	0.000010	0.960952	0.000010	0.039028
APP5119403	Niger_Congo_Bantu	0.025975	0.884879	0.007762	0.081384
APP5119465	Niger_Congo_Bantu	0.004511	0.976401	0.004584	0.014504
APP5119514	Niger_Congo_Bantu	0.009145	0.927872	0.005894	0.057088
APP5139223	Niger_Congo_Bantu	0.004567	0.967741	0.000010	0.027683
AT31476	BW_CONTROLS	0.472733	0.527247	0.000010	0.000010
AT31509	BW_CONTROLS	0.378937	0.621043	0.000010	0.000010
AT31515	BW_CONTROLS	0.307610	0.692370	0.000010	0.000010
AT31543	BW_CONTROLS	0.417684	0.582296	0.000010	0.000010
AV10214	BW_CONTROLS	0.394425	0.605555	0.000010	0.000010
AV10220	BW_CONTROLS	0.333608	0.666372	0.000010	0.000010
AV10236	BW_CONTROLS	0.465024	0.534956	0.000010	0.000010
AV10242	BW_CONTROLS	0.549337	0.450643	0.000010	0.000010
AV10258	BW_CONTROLS	0.427665	0.572315	0.000010	0.000010
AV10264	BW_CONTROLS	0.251309	0.748671	0.000010	0.000010
AV10286	BW_CONTROLS	0.395893	0.604087	0.000010	0.000010
AV10292	BW_CONTROLS	0.323894	0.676086	0.000010	0.000010
AV10319	BW_CONTROLS	0.461712	0.538268	0.000010	0.000010
AV10436	BW_CONTROLS	0.426400	0.573580	0.000010	0.000010
AV17501	BW_CONTROLS	0.426825	0.573155	0.000010	0.000010
AV17517	BW_CONTROLS	0.429092	0.570888	0.000010	0.000010
AV17523	BW_CONTROLS	0.425248	0.574732	0.000010	0.000010
AV17539	BW_CONTROLS	0.407727	0.568465	0.000010	0.023798
AV17545	BW_CONTROLS	0.426320	0.573660	0.000010	0.000010
AV17551	BW_CONTROLS	0.435780	0.564200	0.000010	0.000010
AV17612	BW_CONTROLS	0.340988	0.494883	0.002434	0.161695
AV17628	BW_CONTROLS	0.466540	0.533440	0.000010	0.000010
AV19193	BW_CONTROLS	0.348233	0.651747	0.000010	0.000010
AV19232	BW_CONTROLS	0.393497	0.606483	0.000010	0.000010
AV19248	BW_CONTROLS	0.420831	0.579149	0.000010	0.000010
AV19260	BW_CONTROLS	0.373749	0.626231	0.000010	0.000010
AV19276	BW_CONTROLS	0.347053	0.652927	0.000010	0.000010
AV22287	BW_CONTROLS	0.302753	0.691455	0.005398	0.000394
AV22293	BW_CONTROLS	0.398421	0.601559	0.000010	0.000010
AV24885	BW_CONTROLS	0.391915	0.579718	0.001402	0.026964
AV24891	BW_CONTROLS	0.324803	0.556666	0.028772	0.089759
AV29013	BW_CONTROLS	0.314125	0.685855	0.000010	0.000010
AV29029	BW_CONTROLS	0.414346	0.585634	0.000010	0.000010
AV29041	BW_CONTROLS	0.323915	0.642801	0.000958	0.032325
AV30260	BW_CONTROLS	0.372222	0.627758	0.000010	0.000010
AV30282	BW_CONTROLS	0.402103	0.597877	0.000010	0.000010
AV30298	BW_CONTROLS	0.398632	0.601348	0.000010	0.000010
AV30315	BW_CONTROLS	0.256070	0.732373	0.000010	0.011547
AV30604	BW_CONTROLS	0.281028	0.718952	0.000010	0.000010
BH15039	BW_CONTROLS	0.388901	0.611079	0.000010	0.000010
BH15217	BW_CONTROLS	0.358633	0.641347	0.000010	0.000010
BM95627	BW_CONTROLS	0.409830	0.590150	0.000010	0.000010
BM95633	BW_CONTROLS	0.401009	0.598971	0.000010	0.000010
BM97136	BW_CONTROLS	0.389010	0.610565	0.000010	0.000415
BM97142	BW_CONTROLS	0.365696	0.634284	0.000010	0.000010
BN10714	BW_CASES	0.393662	0.606318	0.000010	0.000010
BN13994	BW_CONTROLS	0.311398	0.627601	0.001235	0.059766
BT31811	BW_CONTROLS	0.226566	0.767626	0.005798	0.000010
BT31827	BW_CONTROLS	0.340080	0.659900	0.000010	0.000010
BT36627	BW_CONTROLS	0.414373	0.585607	0.000010	0.000010
BT37982	BW_CONTROLS	0.261172	0.599906	0.000431	0.138491
BT38970	BW_CONTROLS	0.338495	0.570371	0.000010	0.091125
CG86499	BW_CONTROLS	0.358557	0.641423	0.000010	0.000010
CG86500	BW_CONTROLS	0.387983	0.611997	0.000010	0.000010
CG86516	BW_CONTROLS	0.378077	0.621903	0.000010	0.000010
CG87932	BW_CONTROLS	0.298515	0.701465	0.000010	0.000010
CG87948	BW_CONTROLS	0.185053	0.814927	0.000010	0.000010
CG89524	BW_CONTROLS	0.227019	0.739944	0.013251	0.019786
CG89530	BW_CONTROLS	0.406052	0.593928	0.000010	0.000010
CG91092	BW_CONTROLS	0.305378	0.694602	0.000010	0.000010
CG93678	BW_CONTROLS	0.473473	0.171915	0.096691	0.257920
CG93684	BW_CONTROLS	0.340336	0.659644	0.000010	0.000010
CG95432	BW_CONTROLS	0.368840	0.631140	0.000010	0.000010
CG95448	BW_CONTROLS	0.339882	0.660098	0.000010	0.000010
CG96781	BW_CONTROLS	0.354783	0.645197	0.000010	0.000010
CG97935	BW_CONTROLS	0.369151	0.630829	0.000010	0.000010
CG97941	BW_CONTROLS	0.337051	0.662929	0.000010	0.000010
CG97957	BW_CONTROLS	0.389165	0.610815	0.000010	0.000010
CG97979	BW_CONTROLS	0.272620	0.724585	0.002785	0.000010
CH01336	BW_CONTROLS	0.336468	0.663512	0.000010	0.000010
CH01564	BW_CONTROLS	0.328964	0.671016	0.000010	0.000010
CH01570	BW_CONTROLS	0.376640	0.623340	0.000010	0.000010
CH02885	BW_CONTROLS	0.291378	0.708357	0.000255	0.000010
CU58113	BW_CONTROLS	0.162577	0.836272	0.000600	0.000551
EGAN00001044421	Afro-Asiatic_Semitic	0.034330	0.386377	0.027322	0.551971
EGAN00001044423	Afro-Asiatic_Semitic	0.031915	0.415039	0.024696	0.528349
EGAN00001044424	Afro-Asiatic_Semitic	0.034214	0.407751	0.017592	0.540443
EGAN00001044425	Afro-Asiatic_Semitic	0.042329	0.390471	0.027027	0.540172
EGAN00001044426	Afro-Asiatic_Semitic	0.024942	0.395831	0.023539	0.555688
EGAN00001044427	Afro-Asiatic_Semitic	0.039626	0.400449	0.026450	0.533475
EGAN00001044428	Afro-Asiatic_Semitic	0.034591	0.421740	0.021076	0.522594
EGAN00001044429	Afro-Asiatic_Semitic	0.030143	0.399526	0.025864	0.544468
EGAN00001044430	Afro-Asiatic_Semitic	0.031003	0.397855	0.022214	0.548927
EGAN00001044431	Afro-Asiatic_Semitic	0.034137	0.383958	0.020201	0.561704
EGAN00001044432	Afro-Asiatic_Semitic	0.027621	0.413701	0.017808	0.540871
EGAN00001044433	Afro-Asiatic_Semitic	0.033731	0.409391	0.019590	0.537288
EGAN00001044434	Afro-Asiatic_Semitic	0.028998	0.395822	0.024402	0.550778
EGAN00001044435	Afro-Asiatic_Semitic	0.027662	0.388117	0.023247	0.560974
EGAN00001044436	Afro-Asiatic_Semitic	0.026101	0.392216	0.015636	0.566046
EGAN00001044437	Afro-Asiatic_Semitic	0.032586	0.382843	0.024524	0.560047
EGAN00001044438	Afro-Asiatic_Semitic	0.043810	0.414882	0.029159	0.512149
EGAN00001044439	Afro-Asiatic_Semitic	0.032079	0.395051	0.027695	0.545175
EGAN00001044440	Afro-Asiatic_Semitic	0.033369	0.390741	0.021291	0.554599
EGAN00001044441	Afro-Asiatic_Semitic	0.031436	0.383287	0.015618	0.569660
EGAN00001044442	Afro-Asiatic_Semitic	0.030217	0.381519	0.015710	0.572555
EGAN00001044443	Afro-Asiatic_Semitic	0.036963	0.418589	0.025632	0.518816
EGAN00001068937	Niger-Congo_Bantu_South	0.255971	0.744009	0.000010	0.000010
EGAN00001068938	Niger-Congo_Bantu_South	0.256673	0.741559	0.000010	0.001758
EGAN00001068943	Niger-Congo_Bantu_South	0.227517	0.770959	0.000010	0.001514
EGAN00001068947	Niger-Congo_Bantu_South	0.253419	0.746210	0.000361	0.000010
EGAN00001068950	Niger-Congo_Bantu_South	0.247588	0.752392	0.000010	0.000010
EGAN00001068954	Niger-Congo_Bantu_South	0.241448	0.758532	0.000010	0.000010
EGAN00001068957	Niger-Congo_Bantu_South	0.250779	0.746329	0.001065	0.001827
EGAN00001068959	Niger-Congo_Bantu_South	0.250639	0.747400	0.000010	0.001951
EGAN00001068962	Niger-Congo_Bantu_South	0.236776	0.760933	0.002280	0.000010
EGAN00001068963	Niger-Congo_Bantu_South	0.245230	0.752117	0.000010	0.002643
EGAN00001068964	Niger-Congo_Bantu_South	0.231682	0.767020	0.000683	0.000614
EGAN00001068965	Niger-Congo_Bantu_South	0.223086	0.776894	0.000010	0.000010
EGAN00001068966	Niger-Congo_Bantu_South	0.245207	0.754773	0.000010	0.000010
EGAN00001068967	Niger-Congo_Bantu_South	0.223680	0.774125	0.002186	0.000010
EGAN00001068968	Niger-Congo_Bantu_South	0.250709	0.749271	0.000010	0.000010
EGAN00001068969	Niger-Congo_Bantu_South	0.248416	0.751564	0.000010	0.000010
EGAN00001068970	Niger-Congo_Bantu_South	0.239767	0.760213	0.000010	0.000010
EGAN00001068971	Niger-Congo_Bantu_South	0.258671	0.741309	0.000010	0.000010
EGAN00001068972	Niger-Congo_Bantu_South	0.241605	0.758375	0.000010	0.000010
EGAN00001068973	Niger-Congo_Bantu_South	0.227357	0.769133	0.003500	0.000010
EGAN00001068974	Niger-Congo_Bantu_South	0.244790	0.755190	0.000010	0.000010
EGAN00001068975	Niger-Congo_Bantu_South	0.194481	0.805499	0.000010	0.000010
EGAN00001069124	Niger-Congo_Bantu_South	0.224304	0.775676	0.000010	0.000010
EGAN00001069125	Niger-Congo_Bantu_South	0.249603	0.750377	0.000010	0.000010
EGAN00001069126	Niger-Congo_Bantu_South	0.235843	0.761792	0.000010	0.002355
EGAN00001069127	Niger-Congo_Bantu_South	0.239892	0.753807	0.003022	0.003279
EGAN00001069128	Niger-Congo_Bantu_South	0.246671	0.751876	0.000010	0.001443
EGAN00001069129	Niger-Congo_Bantu_South	0.239237	0.757279	0.000010	0.003475
EGAN00001069130	Niger-Congo_Bantu_South	0.234145	0.762980	0.002865	0.000010
EGAN00001069131	Niger-Congo_Bantu_South	0.254357	0.745623	0.000010	0.000010
EGAN00001069132	Niger-Congo_Bantu_South	0.252878	0.747102	0.000010	0.000010
EGAN00001069133	Niger-Congo_Bantu_South	0.261727	0.738244	0.000020	0.000010
EGAN00001069134	Niger-Congo_Bantu_South	0.240662	0.758970	0.000358	0.000010
EGAN00001069135	Niger-Congo_Bantu_South	0.222998	0.773251	0.003741	0.000010
EGAN00001069136	Niger-Congo_Bantu_South	0.244462	0.746681	0.001409	0.007448
EGAN00001069137	Niger-Congo_Bantu_South	0.262024	0.731857	0.000010	0.006109
EGAN00001069138	Niger-Congo_Bantu_South	0.244703	0.754354	0.000010	0.000933
EGAN00001069139	Niger-Congo_Bantu_South	0.224189	0.775791	0.000010	0.000010
EGAN00001069140	Niger-Congo_Bantu_South	0.232447	0.767533	0.000010	0.000010
EGAN00001069141	Niger-Congo_Bantu_South	0.213662	0.617378	0.000010	0.168951
EGAN00001069142	Niger-Congo_Bantu_South	0.266708	0.733272	0.000010	0.000010
EGAN00001069143	Niger-Congo_Bantu_South	0.237540	0.762440	0.000010	0.000010
EGAN00001069144	Niger-Congo_Bantu_South	0.232638	0.767342	0.000010	0.000010
EGAN00001069145	Niger-Congo_Bantu_South	0.213609	0.786371	0.000010	0.000010
EGAN00001069146	Niger-Congo_Bantu_South	0.237912	0.758889	0.001914	0.001284
EGAN00001069147	Niger-Congo_Bantu_South	0.251761	0.748219	0.000010	0.000010
EGAN00001069148	Niger-Congo_Bantu_South	0.237054	0.760666	0.002271	0.000010
EGAN00001069149	Niger-Congo_Bantu_South	0.235863	0.760102	0.000999	0.003036
EGAN00001069150	Niger-Congo_Bantu_South	0.240994	0.757153	0.001714	0.000139
EGAN00001069151	Niger-Congo_Bantu_South	0.246054	0.748600	0.003994	0.001351
EGAN00001069152	Niger-Congo_Bantu_South	0.268906	0.714781	0.000010	0.016302
EGAN00001069153	Niger-Congo_Bantu_South	0.257778	0.742202	0.000010	0.000010
EGAN00001069154	Niger-Congo_Bantu_South	0.253038	0.744815	0.000010	0.002137
EGAN00001069155	Niger-Congo_Bantu_South	0.244037	0.755939	0.000013	0.000010
EGAN00001069156	Niger-Congo_Bantu_South	0.242527	0.752156	0.000010	0.005307
EGAN00001069157	Niger-Congo_Bantu_South	0.262345	0.736314	0.000010	0.001331
EGAN00001069158	Niger-Congo_Bantu_South	0.258104	0.741876	0.000010	0.000010
EGAN00001069159	Niger-Congo_Bantu_South	0.249355	0.750625	0.000010	0.000010
EGAN00001069160	Niger-Congo_Bantu_South	0.227598	0.771314	0.000010	0.001078
EGAN00001069161	Niger-Congo_Bantu_South	0.233834	0.754671	0.003513	0.007982
EGAN00001069162	Niger-Congo_Bantu_South	0.215580	0.781656	0.001420	0.001344
EGAN00001069163	Niger-Congo_Bantu_South	0.219706	0.779910	0.000010	0.000374
EGAN00001069164	Niger-Congo_Bantu_South	0.232587	0.757803	0.001891	0.007719
EGAN00001069165	Niger-Congo_Bantu_South	0.235853	0.764127	0.000010	0.000010
EGAN00001069166	Niger-Congo_Bantu_South	0.245578	0.754402	0.000010	0.000010
EGAN00001069168	Niger-Congo_Bantu_South	0.261271	0.738709	0.000010	0.000010
EGAN00001069169	Niger-Congo_Bantu_South	0.243840	0.756140	0.000010	0.000010
EGAN00001069170	Niger-Congo_Bantu_South	0.249565	0.750415	0.000010	0.000010
EGAN00001069171	Niger-Congo_Bantu_South	0.237354	0.761557	0.001079	0.000010
EGAN00001069172	Niger-Congo_Bantu_South	0.246259	0.746251	0.000010	0.007479
EGAN00001069173	Niger-Congo_Bantu_South	0.225948	0.771728	0.000010	0.002314
EGAN00001069174	Niger-Congo_Bantu_South	0.265195	0.729122	0.000010	0.005673
EGAN00001069175	Niger-Congo_Bantu_South	0.250010	0.747815	0.002166	0.000010
EGAN00001069176	Niger-Congo_Bantu_South	0.247239	0.745118	0.000737	0.006906
EGAN00001069177	Niger-Congo_Bantu_South	0.243858	0.748389	0.001176	0.006577
EGAN00001069178	Niger-Congo_Bantu_South	0.222054	0.776767	0.001169	0.000010
EGAN00001069179	Niger-Congo_Bantu_South	0.255288	0.733480	0.000010	0.011222
EGAN00001069180	Niger-Congo_Bantu_South	0.235954	0.763295	0.000010	0.000741
EGAN00001069181	Niger-Congo_Bantu_South	0.224288	0.775692	0.000010	0.000010
EGAN00001069182	Niger-Congo_Bantu_South	0.227784	0.772196	0.000010	0.000010
EGAN00001069183	Niger-Congo_Bantu_South	0.242177	0.755835	0.001978	0.000010
EGAN00001069184	Niger-Congo_Bantu_South	0.193535	0.803538	0.002917	0.000010
EGAN00001069185	Niger-Congo_Bantu_South	0.262574	0.731950	0.001281	0.004195
EGAN00001069186	Niger-Congo_Bantu_South	0.239414	0.760566	0.000010	0.000010
EGAN00001069187	Niger-Congo_Bantu_South	0.246060	0.750839	0.000828	0.002274
EGAN00001069188	Niger-Congo_Bantu_South	0.246195	0.746379	0.003805	0.003621
EGAN00001069189	Niger-Congo_Bantu_South	0.272350	0.674997	0.019200	0.033453
EGAN00001069190	Niger-Congo_Bantu_South	0.245632	0.751171	0.000266	0.002931
EGAN00001069193	Niger-Congo_Bantu_South	0.246606	0.743424	0.007495	0.002475
EGAN00001069194	Niger-Congo_Bantu_South	0.244494	0.755486	0.000010	0.000010
EGAN00001069195	Niger-Congo_Bantu_South	0.236263	0.763717	0.000010	0.000010
EGAN00001069196	Niger-Congo_Bantu_South	0.232796	0.762173	0.005021	0.000010
EGAN00001069197	Niger-Congo_Bantu_South	0.232014	0.766523	0.000695	0.000768
EGAN00001069198	Niger-Congo_Bantu_South	0.254238	0.745742	0.000010	0.000010
EGAN00001069199	Niger-Congo_Bantu_South	0.248622	0.744175	0.001607	0.005596
EGAN00001069200	Niger-Congo_Bantu_South	0.227619	0.770456	0.000010	0.001915
EGAN00001069201	Niger-Congo_Bantu_South	0.248918	0.749385	0.001470	0.000226
EGAN00001069202	Niger-Congo_Bantu_South	0.230270	0.767347	0.000010	0.002373
EGAN00001071672	Afro-Asiatic_Cushitic	0.045072	0.424829	0.027194	0.502905
EGAN00001071678	Afro-Asiatic_Cushitic	0.044117	0.409321	0.014763	0.531798
EGAN00001071679	Afro-Asiatic_Cushitic	0.033568	0.424303	0.019778	0.522350
EGAN00001071689	Afro-Asiatic_Cushitic	0.043807	0.410997	0.024600	0.520596
EGAN00001071690	Afro-Asiatic_Cushitic	0.047237	0.424099	0.021687	0.506977
EGAN00001071702	Afro-Asiatic_Cushitic	0.037075	0.434638	0.008354	0.519932
EGAN00001071703	Afro-Asiatic_Cushitic	0.026769	0.421969	0.027040	0.524223
EGAN00001071705	Afro-Asiatic_Cushitic	0.029474	0.503234	0.023048	0.444243
EGAN00001071714	Afro-Asiatic_Cushitic	0.036279	0.418004	0.026607	0.519110
EGAN00001071715	Afro-Asiatic_Cushitic	0.039431	0.433149	0.020737	0.506682
EGAN00001071717	Afro-Asiatic_Cushitic	0.032373	0.522600	0.014607	0.430421
EGAN00001071721	Afro-Asiatic_Cushitic	0.041478	0.423799	0.019708	0.515015
EGAN00001071722	Afro-Asiatic_Cushitic	0.046327	0.428567	0.024578	0.500527
EGAN00001071723	Afro-Asiatic_Cushitic	0.042740	0.425805	0.024665	0.506790
EGAN00001071735	Afro-Asiatic_Cushitic	0.048866	0.420916	0.030768	0.499450
EGAN00001071736	Afro-Asiatic_Cushitic	0.043005	0.436833	0.035448	0.484714
EGAN00001071737	Afro-Asiatic_Cushitic	0.030231	0.513062	0.022024	0.434682
EGAN00001071746	Afro-Asiatic_Cushitic	0.037086	0.418214	0.021747	0.522952
EGAN00001071747	Afro-Asiatic_Cushitic	0.054212	0.496978	0.024046	0.424763
EGAN00001071752	Afro-Asiatic_Cushitic	0.020492	0.513080	0.023140	0.443288
EGAN00001071759	Afro-Asiatic_Cushitic	0.045258	0.434359	0.026717	0.493666
EGAN00001071760	Afro-Asiatic_Cushitic	0.060019	0.470287	0.020424	0.449271
EGAN00001071762	Afro-Asiatic_Cushitic	0.023281	0.520048	0.022448	0.434223
EGAN00001071768	Afro-Asiatic_Cushitic	0.036111	0.402039	0.020078	0.541772
EGAN00001071770	Afro-Asiatic_Cushitic	0.032653	0.395723	0.020577	0.551047
EGAN00001071771	Afro-Asiatic_Cushitic	0.028533	0.438436	0.026575	0.506457
EGAN00001071772	Afro-Asiatic_Cushitic	0.019398	0.516617	0.022097	0.441889
EGAN00001071778	Afro-Asiatic_Cushitic	0.042617	0.442486	0.028075	0.486822
EGAN00001071782	Afro-Asiatic_Cushitic	0.036055	0.509143	0.020649	0.434153
EGAN00001071784	Afro-Asiatic_Cushitic	0.030492	0.509870	0.015333	0.444304
EGAN00001071792	Afro-Asiatic_Cushitic	0.043512	0.414285	0.026817	0.515387
EGAN00001071794	Afro-Asiatic_Cushitic	0.027339	0.516343	0.018049	0.438269
EGAN00001071795	Afro-Asiatic_Cushitic	0.026362	0.521770	0.015494	0.436374
EGAN00001071805	Afro-Asiatic_Cushitic	0.041504	0.405653	0.019466	0.533377
EGAN00001071806	Afro-Asiatic_Cushitic	0.030125	0.388502	0.021703	0.559670
EGAN00001071807	Afro-Asiatic_Cushitic	0.026714	0.519885	0.024313	0.429088
EGAN00001071808	Afro-Asiatic_Cushitic	0.032183	0.520931	0.022899	0.423987
EGAN00001071816	Afro-Asiatic_Cushitic	0.033137	0.528692	0.014184	0.423987
EGAN00001071818	Afro-Asiatic_Cushitic	0.035383	0.559303	0.024215	0.381099
EGAN00001071819	Afro-Asiatic_Cushitic	0.024972	0.530160	0.022356	0.422513
EGAN00001071820	Afro-Asiatic_Cushitic	0.032947	0.521107	0.020815	0.425131
EGAN00001071821	Afro-Asiatic_Cushitic	0.035309	0.521592	0.020362	0.422737
EGAN00001071822	Afro-Asiatic_Cushitic	0.030458	0.511849	0.018974	0.438718
EGAN00001071823	Afro-Asiatic_Cushitic	0.032502	0.504756	0.016327	0.446416
EGAN00001071824	Afro-Asiatic_Cushitic	0.038602	0.519549	0.024709	0.417140
EGAN00001071825	Afro-Asiatic_Cushitic	0.023256	0.528474	0.023271	0.424999
EGAN00001071826	Afro-Asiatic_Cushitic	0.023245	0.537379	0.027122	0.412254
EGAN00001071827	Afro-Asiatic_Omotic	0.065296	0.464914	0.032422	0.437368
EGAN00001071828	Afro-Asiatic_Omotic	0.063142	0.481905	0.034742	0.420212
EGAN00001071829	Afro-Asiatic_Omotic	0.071660	0.458619	0.030074	0.439647
EGAN00001071830	Afro-Asiatic_Omotic	0.078593	0.485523	0.039885	0.395999
EGAN00001071831	Afro-Asiatic_Omotic	0.099584	0.478886	0.035435	0.386096
EGAN00001071832	Afro-Asiatic_Omotic	0.056248	0.461899	0.029254	0.452600
EGAN00001071833	Afro-Asiatic_Omotic	0.058337	0.468548	0.033093	0.440022
EGAN00001071834	Afro-Asiatic_Omotic	0.086174	0.504649	0.038134	0.371043
EGAN00001071835	Afro-Asiatic_Omotic	0.055602	0.447068	0.020229	0.477101
EGAN00001071836	Afro-Asiatic_Omotic	0.065284	0.475406	0.022011	0.437299
EGAN00001071837	Afro-Asiatic_Omotic	0.056042	0.450668	0.027660	0.465630
EGAN00001071838	Afro-Asiatic_Omotic	0.084428	0.475265	0.038850	0.401457
EGAN00001071839	Afro-Asiatic_Omotic	0.078063	0.491108	0.032907	0.397922
EGAN00001071840	Afro-Asiatic_Omotic	0.053554	0.467244	0.026624	0.452578
EGAN00001071841	Afro-Asiatic_Omotic	0.066904	0.473951	0.024139	0.435006
EGAN00001071842	Afro-Asiatic_Omotic	0.068041	0.453417	0.034180	0.444363
EGAN00001071843	Afro-Asiatic_Omotic	0.058021	0.463155	0.027800	0.451024
EGAN00001071844	Afro-Asiatic_Omotic	0.048881	0.450601	0.018719	0.481798
EGAN00001071845	Afro-Asiatic_Omotic	0.071948	0.475588	0.024450	0.428013
EGAN00001071846	Afro-Asiatic_Omotic	0.078049	0.476941	0.031232	0.413777
EGAN00001071847	Afro-Asiatic_Omotic	0.062696	0.465704	0.024218	0.447382
EGAN00001071848	Afro-Asiatic_Omotic	0.099062	0.491130	0.035873	0.373935
EGAN00001071849	Afro-Asiatic_Omotic	0.068072	0.462493	0.031930	0.437504
EGAN00001071850	Afro-Asiatic_Omotic	0.073348	0.461946	0.034734	0.429972
EGAN00001101667	Afro-Asiatic	0.026336	0.129910	0.007689	0.836065
EGAN00001101668	Afro-Asiatic	0.034192	0.134800	0.000010	0.830998
EGAN00001101669	Afro-Asiatic	0.027583	0.137967	0.013162	0.821287
EGAN00001101670	Afro-Asiatic	0.029835	0.164881	0.004550	0.800733
EGAN00001101671	Afro-Asiatic	0.028872	0.155665	0.001408	0.814055
EGAN00001101672	Afro-Asiatic	0.022326	0.093276	0.000010	0.884388
EGAN00001101676	Afro-Asiatic	0.022438	0.161637	0.001478	0.814446
EGAN00001101677	Afro-Asiatic	0.027668	0.133978	0.009028	0.829327
EGAN00001101678	Afro-Asiatic	0.028404	0.139405	0.004997	0.827194
EGAN00001101679	Afro-Asiatic	0.028942	0.161895	0.008289	0.800875
EGAN00001101680	Afro-Asiatic	0.028536	0.137716	0.003126	0.830621
EGAN00001101681	Afro-Asiatic	0.027331	0.155281	0.004350	0.813038
EGAN00001101682	Afro-Asiatic	0.027900	0.150871	0.009087	0.812142
EGAN00001101687	Afro-Asiatic	0.000010	0.107891	0.006042	0.886057
EGAN00001101688	Afro-Asiatic	0.031785	0.128575	0.004870	0.834770
EGAN00001101689	Afro-Asiatic	0.031315	0.137621	0.000669	0.830396
EGAN00001101690	Afro-Asiatic	0.029548	0.163866	0.001921	0.804665
EGAN00001101692	Afro-Asiatic	0.029433	0.139778	0.004616	0.826174
EGAN00001101694	Afro-Asiatic	0.026675	0.151063	0.007812	0.814450
EGAN00001101699	Afro-Asiatic	0.033801	0.148263	0.007771	0.810165
EGAN00001101700	Afro-Asiatic	0.028333	0.138000	0.003893	0.829774
EGAN00001101702	Afro-Asiatic	0.003130	0.167842	0.006874	0.822155
EGAN00001101705	Afro-Asiatic	0.026132	0.110921	0.005451	0.857496
EGAN00001101706	Afro-Asiatic	0.027824	0.192938	0.000010	0.779227
EGAN00001101711	Afro-Asiatic	0.032474	0.159256	0.000010	0.808260
EGAN00001101712	Afro-Asiatic	0.025835	0.126948	0.010633	0.836585
EGAN00001101713	Afro-Asiatic	0.028436	0.126952	0.011168	0.833444
EGAN00001101716	Afro-Asiatic	0.031977	0.127285	0.006453	0.834285
EGAN00001101717	Afro-Asiatic	0.030498	0.158888	0.012932	0.797682
EGAN00001101718	Afro-Asiatic	0.029936	0.146087	0.011455	0.812521
EGAN00001101719	Afro-Asiatic	0.028840	0.119621	0.009064	0.842475
EGAN00001101723	Afro-Asiatic	0.029046	0.124244	0.000010	0.846700
EGAN00001101724	Afro-Asiatic	0.030537	0.171872	0.007159	0.790433
EGAN00001101725	Afro-Asiatic	0.002329	0.195793	0.012320	0.789558
EGAN00001101732	Afro-Asiatic	0.024254	0.146262	0.014968	0.814516
EGAN00001101734	Afro-Asiatic	0.033623	0.176951	0.000010	0.789416
EGAN00001101735	Afro-Asiatic	0.027863	0.130476	0.007765	0.833896
EGAN00001101736	Afro-Asiatic	0.033602	0.169813	0.008622	0.787963
EGAN00001101737	Afro-Asiatic	0.030661	0.138359	0.000605	0.830375
EGAN00001101739	Afro-Asiatic	0.025362	0.127687	0.001763	0.845188
EGAN00001101742	Afro-Asiatic	0.024719	0.128122	0.005744	0.841415
EGAN00001101744	Afro-Asiatic	0.026411	0.129002	0.006163	0.838424
EGAN00001101748	Afro-Asiatic	0.030283	0.139505	0.006782	0.823430
EGAN00001101749	Afro-Asiatic	0.028279	0.148208	0.006492	0.817021
EGAN00001101750	Afro-Asiatic	0.026603	0.135396	0.004580	0.833420
EGAN00001101751	Afro-Asiatic	0.034940	0.278830	0.011013	0.675216
EGAN00001101752	Afro-Asiatic	0.024132	0.115718	0.000010	0.860140
EGAN00001101753	Afro-Asiatic	0.002025	0.000010	0.263382	0.734583
EGAN00001101754	Afro-Asiatic	0.029537	0.136175	0.009647	0.824642
EGAN00001101755	Afro-Asiatic	0.029178	0.145623	0.001643	0.823556
EGAN00001101756	Afro-Asiatic	0.027580	0.144054	0.002274	0.826092
EGAN00001101758	Afro-Asiatic	0.032930	0.155155	0.000010	0.811904
EGAN00001101759	Afro-Asiatic	0.027512	0.132182	0.010263	0.830043
EGAN00001101761	Afro-Asiatic	0.025226	0.133276	0.000742	0.840755
EGAN00001101767	Afro-Asiatic	0.021817	0.122825	0.006682	0.848676
EGAN00001101768	Afro-Asiatic	0.027475	0.178418	0.000010	0.794097
EGAN00001101769	Afro-Asiatic	0.024298	0.138694	0.007296	0.829713
EGAN00001101771	Afro-Asiatic	0.030574	0.147574	0.011605	0.810247
EGAN00001101772	Afro-Asiatic	0.025614	0.139960	0.004140	0.830286
EGAN00001101774	Afro-Asiatic	0.024959	0.135850	0.000010	0.839182
EGAN00001101776	Afro-Asiatic	0.011594	0.006915	0.012640	0.968851
EGAN00001101780	Afro-Asiatic	0.026867	0.127237	0.006531	0.839364
EGAN00001101781	Afro-Asiatic	0.034211	0.152033	0.004614	0.809141
EGAN00001101782	Afro-Asiatic	0.029201	0.134799	0.000010	0.835991
EGAN00001101783	Afro-Asiatic	0.020035	0.093549	0.007453	0.878963
EGAN00001101784	Afro-Asiatic	0.030194	0.128480	0.002797	0.838529
EGAN00001101786	Afro-Asiatic	0.026682	0.189068	0.004098	0.780152
EGAN00001101787	Afro-Asiatic	0.025923	0.147114	0.000010	0.826953
EGAN00001101788	Afro-Asiatic	0.028539	0.127927	0.009362	0.834172
EGAN00001101791	Afro-Asiatic	0.031690	0.139548	0.003890	0.824872
EGAN00001101792	Afro-Asiatic	0.024638	0.153576	0.005268	0.816518
EGAN00001101793	Afro-Asiatic	0.035489	0.261799	0.008147	0.694565
EGAN00001101794	Afro-Asiatic	0.029042	0.111274	0.012527	0.847157
EGAN00001101796	Afro-Asiatic	0.013766	0.012099	0.014582	0.959553
EGAN00001101798	Afro-Asiatic	0.021709	0.153467	0.005602	0.819222
EGAN00001101799	Afro-Asiatic	0.026740	0.150133	0.000273	0.822853
EGAN00001101801	Afro-Asiatic	0.020493	0.087676	0.004127	0.887704
EGAN00001101802	Afro-Asiatic	0.024958	0.137855	0.003477	0.833709
EGAN00001101803	Afro-Asiatic	0.030397	0.192556	0.002247	0.774800
EGAN00001101804	Afro-Asiatic	0.030641	0.139950	0.009042	0.820367
EGAN00001101807	Afro-Asiatic	0.027963	0.177255	0.010773	0.784010
EGAN00001101808	Afro-Asiatic	0.024938	0.149983	0.003153	0.821926
EGAN00001101809	Afro-Asiatic	0.026642	0.139570	0.010921	0.822868
EGAN00001101813	Afro-Asiatic	0.034412	0.188441	0.002567	0.774579
EGAN00001101814	Afro-Asiatic	0.026259	0.139345	0.006543	0.827853
EGAN00001101816	Afro-Asiatic	0.034300	0.151979	0.006328	0.807393
EGAN00001101819	Afro-Asiatic	0.026709	0.097222	0.006677	0.869392
EGAN00001101820	Afro-Asiatic	0.027813	0.146791	0.002189	0.823207
EGAN00001101823	Afro-Asiatic	0.031837	0.145214	0.003306	0.819643
EGAN00001101824	Afro-Asiatic	0.027840	0.141711	0.002832	0.827616
EGAN00001101825	Afro-Asiatic	0.033655	0.114286	0.001331	0.850728
EGAN00001101827	Afro-Asiatic	0.030526	0.160012	0.008346	0.801115
EGAN00001101829	Afro-Asiatic	0.025367	0.142018	0.005083	0.827532
EGAN00001101830	Afro-Asiatic	0.028782	0.147898	0.000010	0.823311
EGAN00001101831	Afro-Asiatic	0.027860	0.165631	0.004094	0.802415
EGAN00001101835	Afro-Asiatic	0.024933	0.137853	0.003020	0.834193
EGAN00001101839	Afro-Asiatic	0.034211	0.187424	0.007256	0.771108
EGAN00001101840	Afro-Asiatic	0.032506	0.188685	0.000010	0.778799
EGAN00001101841	Afro-Asiatic	0.029442	0.130376	0.003455	0.836727
EGAN00001160535	Niger_Congo_Bantu	0.000010	0.996136	0.002167	0.001687
EGAN00001160545	Niger_Congo_Bantu	0.000010	0.988750	0.000798	0.010441
EGAN00001160546	Niger_Congo_Bantu	0.037772	0.693306	0.010660	0.258263
EGAN00001160550	Niger_Congo_Bantu	0.011061	0.891852	0.013761	0.083326
EGAN00001160554	Niger_Congo_Bantu	0.011020	0.880658	0.004365	0.103957
EGAN00001160564	Niger_Congo_Bantu	0.018414	0.943858	0.010686	0.027042
EGAN00001160567	Niger_Congo_Bantu	0.002013	0.968413	0.000117	0.029457
EGAN00001160574	Niger_Congo_Bantu	0.036239	0.868369	0.008072	0.087320
EGAN00001160575	Niger_Congo_Bantu	0.018560	0.875070	0.002858	0.103513
EGAN00001160578	Niger_Congo_Bantu	0.011683	0.941001	0.009192	0.038124
EGAN00001160585	Niger_Congo_Bantu	0.005654	0.944281	0.002823	0.047242
EGAN00001160590	Niger_Congo_Bantu	0.008562	0.899292	0.002934	0.089212
EGAN00001160622	Niger_Congo_Bantu	0.011740	0.928356	0.001571	0.058332
EGAN00001160625	Niger_Congo_Bantu	0.000010	0.949424	0.009330	0.041236
EGAN00001160628	Niger_Congo_Bantu	0.019865	0.942463	0.009412	0.028260
EGAN00001160640	Niger_Congo_Bantu	0.001178	0.981825	0.001745	0.015251
EGAN00001160655	Niger_Congo_Bantu	0.025431	0.801595	0.010751	0.162223
EGAN00001160668	Niger_Congo_Bantu	0.000011	0.994106	0.000010	0.005873
EGAN00001160687	Niger_Congo_Bantu	0.002382	0.971086	0.008972	0.017560
EGAN00001160693	Niger_Congo_Bantu	0.011673	0.852292	0.004453	0.131582
EGAN00001160705	Niger_Congo_Bantu	0.006509	0.966047	0.000942	0.026502
EGAN00001160714	Niger_Congo_Bantu	0.011904	0.912076	0.009353	0.066667
EGAN00001160764	Niger_Congo_Bantu	0.000010	0.988163	0.000010	0.011816
EGAN00001160765	Niger_Congo_Bantu	0.000010	0.990921	0.000010	0.009059
EGAN00001160766	Niger_Congo_Bantu	0.000010	0.982531	0.001512	0.015947
EGAN00001160769	Niger_Congo_Bantu	0.013980	0.965250	0.009239	0.011531
EGAN00001160787	Niger_Congo_Bantu	0.000010	0.977445	0.000010	0.022535
EGAN00001160788	Niger_Congo_Bantu	0.024310	0.901476	0.010168	0.064046
EGAN00001160791	Niger_Congo_Bantu	0.000010	0.971187	0.004095	0.024709
EGAN00001160799	Niger_Congo_Bantu	0.030264	0.803305	0.007975	0.158456
EGAN00001160819	Niger_Congo_Bantu	0.018183	0.878741	0.006434	0.096641
EGAN00001160820	Niger_Congo_Bantu	0.028436	0.914540	0.004187	0.052837
EGAN00001160826	Niger_Congo_Bantu	0.000010	0.981650	0.003201	0.015139
EGAN00001160829	Niger_Congo_Bantu	0.026614	0.793017	0.010683	0.169686
EGAN00001160831	Niger_Congo_Bantu	0.011282	0.960040	0.003647	0.025030
EGAN00001160834	Niger_Congo_Bantu	0.007498	0.900385	0.007332	0.084784
EGAN00001160835	Niger_Congo_Bantu	0.026639	0.821350	0.004567	0.147444
EGAN00001160845	Niger_Congo_Bantu	0.031836	0.799750	0.008493	0.159921
EGAN00001160849	Niger_Congo_Bantu	0.000010	0.983534	0.007549	0.008907
EGAN00001160854	Niger_Congo_Bantu	0.000106	0.981246	0.003530	0.015119
EGAN00001160857	Niger_Congo_Bantu	0.000010	0.979377	0.002801	0.017812
EGAN00001160859	Niger_Congo_Bantu	0.001598	0.980121	0.000384	0.017898
EGAN00001160866	Niger_Congo_Bantu	0.006225	0.975295	0.000010	0.018470
EGAN00001160867	Niger_Congo_Bantu	0.003089	0.985444	0.004493	0.006974
EGAN00001160869	Niger_Congo_Bantu	0.000010	0.979467	0.000010	0.020513
EGAN00001160870	Niger_Congo_Bantu	0.000010	0.994324	0.000010	0.005656
EGAN00001160885	Niger_Congo_Bantu	0.000473	0.967166	0.003767	0.028594
EGAN00001160892	Niger_Congo_Bantu	0.003175	0.959583	0.000010	0.037232
EGAN00001160897	Niger_Congo_Bantu	0.019775	0.918316	0.007316	0.054592
EGAN00001160902	Niger_Congo_Bantu	0.017921	0.939013	0.005226	0.037840
EGAN00001160904	Niger_Congo_Bantu	0.009594	0.948089	0.000010	0.042306
EGAN00001160905	Niger_Congo_Bantu	0.001083	0.985839	0.000991	0.012088
EGAN00001160913	Niger_Congo_Bantu	0.000010	0.989431	0.001759	0.008799
EGAN00001160923	Niger_Congo_Bantu	0.034051	0.894163	0.001284	0.070502
EGAN00001160927	Niger_Congo_Bantu	0.000010	0.988275	0.004791	0.006924
EGAN00001160929	Niger_Congo_Bantu	0.000010	0.971830	0.003322	0.024839
EGAN00001160934	Niger_Congo_Bantu	0.000010	0.984809	0.002563	0.012617
EGAN00001160970	Niger_Congo_Bantu	0.007683	0.883208	0.003775	0.105335
EGAN00001160976	Niger_Congo_Bantu	0.006564	0.943476	0.002424	0.047536
EGAN00001160979	Niger_Congo_Bantu	0.008824	0.938850	0.001293	0.051033
EGAN00001160983	Niger_Congo_Bantu	0.000010	0.988361	0.005565	0.006064
EGAN00001160986	Niger_Congo_Bantu	0.010768	0.911100	0.004020	0.074112
EGAN00001160993	Niger_Congo_Bantu	0.000010	0.980581	0.000010	0.019399
EGAN00001160995	Niger_Congo_Bantu	0.000956	0.984736	0.005378	0.008930
EGAN00001161005	Niger_Congo_Bantu	0.013593	0.850844	0.008128	0.127434
EGAN00001161009	Niger_Congo_Bantu	0.040688	0.873727	0.012988	0.072597
EGAN00001161013	Niger_Congo_Bantu	0.014471	0.841045	0.000010	0.144474
EGAN00001161017	Niger_Congo_Bantu	0.009534	0.972076	0.004671	0.013720
EGAN00001161020	Niger_Congo_Bantu	0.016990	0.945122	0.002232	0.035656
EGAN00001161024	Niger_Congo_Bantu	0.010782	0.863868	0.009440	0.115911
EGAN00001161028	Niger_Congo_Bantu	0.003140	0.972205	0.009083	0.015572
EGAN00001161036	Niger_Congo_Bantu	0.008381	0.889830	0.006310	0.095479
EGAN00001161044	Niger_Congo_Bantu	0.005903	0.979082	0.000010	0.015006
EGAN00001161047	Niger_Congo_Bantu	0.007645	0.973062	0.000010	0.019283
EGAN00001161059	Niger_Congo_Bantu	0.000010	0.980368	0.004070	0.015552
EGAN00001161072	Niger_Congo_Bantu	0.011468	0.878548	0.010106	0.099878
EGAN00001161093	Niger_Congo_Bantu	0.000010	0.986089	0.000905	0.012995
EGAN00001161102	Niger_Congo_Bantu	0.024676	0.882734	0.013752	0.078838
EGAN00001161118	Niger_Congo_Bantu	0.013980	0.905059	0.004037	0.076924
EGAN00001161127	Niger_Congo_Bantu	0.000010	0.958125	0.007343	0.034522
EGAN00001161136	Niger_Congo_Bantu	0.007171	0.934120	0.010360	0.048348
EGAN00001161141	Niger_Congo_Bantu	0.000010	0.989896	0.000010	0.010084
EGAN00001161145	Niger_Congo_Bantu	0.000010	0.991195	0.000734	0.008061
EGAN00001161146	Niger_Congo_Bantu	0.008264	0.875792	0.002841	0.113104
EGAN00001161151	Niger_Congo_Bantu	0.000010	0.967180	0.000636	0.032174
EGAN00001161174	Niger_Congo_Bantu	0.000010	0.974066	0.001612	0.024313
EGAN00001161180	Niger_Congo_Bantu	0.000010	0.982549	0.002917	0.014525
EGAN00001161182	Niger_Congo_Bantu	0.000010	0.962296	0.000010	0.037684
EGAN00001161190	Niger_Congo_Bantu	0.012834	0.866933	0.008055	0.112179
EGAN00001161191	Niger_Congo_Bantu	0.002187	0.983203	0.001209	0.013401
EGAN00001161196	Niger_Congo_Bantu	0.000010	0.975608	0.004763	0.019619
EGAN00001161202	Niger_Congo_Bantu	0.000010	0.984176	0.003813	0.012002
EGAN00001161203	Niger_Congo_Bantu	0.003678	0.994156	0.000010	0.002156
EGAN00001161211	Niger_Congo_Bantu	0.039282	0.910838	0.000010	0.049870
EGAN00001161213	Niger_Congo_Bantu	0.000010	0.990094	0.000701	0.009195
EGAN00001161215	Niger_Congo_Bantu	0.014835	0.941937	0.004278	0.038950
EGAN00001161223	Niger_Congo_Bantu	0.037648	0.902232	0.001250	0.058870
EGAN00001161231	Niger_Congo_Bantu	0.002202	0.985508	0.000010	0.012280
EGAN00001161232	Niger_Congo_Bantu	0.005805	0.982276	0.006433	0.005486
EGAN00001161238	Niger_Congo_Bantu	0.000010	0.986064	0.001615	0.012312
EGAN00001161273	Niger_Congo_Bantu	0.032953	0.892358	0.001934	0.072755
EGAN00001161275	Niger_Congo_Bantu	0.018488	0.934130	0.004704	0.042678
EGAN00001161276	Niger_Congo_Bantu	0.005979	0.952854	0.001777	0.039390
EGAN00001161280	Niger_Congo_Bantu	0.000010	0.939312	0.004079	0.056599
EGAN00001161284	Niger_Congo_Bantu	0.003949	0.983781	0.006917	0.005353
EGAN00001161287	Niger_Congo_Bantu	0.002921	0.976610	0.001243	0.019227
EGAN00001161294	Niger_Congo_Bantu	0.000144	0.975694	0.005145	0.019016
EGAN00001161297	Niger_Congo_Bantu	0.017085	0.875063	0.012174	0.095678
EGAN00001161298	Niger_Congo_Bantu	0.013973	0.878329	0.009003	0.098694
EGAN00001161301	Niger_Congo_Bantu	0.017083	0.878472	0.011864	0.092581
EGAN00001161304	Niger_Congo_Bantu	0.001765	0.966909	0.005331	0.025995
EGAN00001161313	Niger_Congo_Bantu	0.028231	0.913859	0.002764	0.055146
EGAN00001161315	Niger_Congo_Bantu	0.011513	0.933591	0.005942	0.048953
EGAN00001161316	Niger_Congo_Bantu	0.011367	0.873019	0.005804	0.109809
EGAN00001161319	Niger_Congo_Bantu	0.001409	0.989035	0.000010	0.009546
EGAN00001161320	Niger_Congo_Bantu	0.000011	0.978252	0.000010	0.021727
EGAN00001161321	Niger_Congo_Bantu	0.004128	0.969295	0.003239	0.023338
EGAN00001161328	Niger_Congo_Bantu	0.008772	0.934683	0.003556	0.052990
