0.007046 0.033206 0.959747
0.002749 0.000010 0.997241
0.000010 0.000010 0.999980
0.000010 0.000010 0.999980
0.000010 0.000010 0.999980
0.000010 0.000010 0.999980
0.001388 0.016414 0.982198
0.010025 0.021400 0.968574
0.000010 0.000429 0.999561
0.000773 0.012608 0.986619
0.000010 0.046403 0.953587
0.006196 0.050275 0.943530
0.005451 0.021963 0.972586
0.000924 0.010451 0.988625
0.006489 0.030118 0.963393
0.001666 0.018066 0.980268
0.004209 0.021482 0.974309
0.002300 0.022515 0.975185
0.004701 0.028223 0.967075
0.001602 0.014196 0.984202
0.002855 0.031166 0.965979
0.004789 0.006977 0.988234
0.004064 0.017413 0.978523
0.006365 0.032527 0.961108
0.009670 0.035594 0.954736
0.006359 0.008343 0.985298
0.008038 0.036510 0.955453
0.004301 0.021822 0.973877
0.006068 0.016212 0.977720
0.005082 0.015084 0.979834
0.002649 0.093076 0.904275
0.010779 0.003077 0.986144
0.003991 0.012003 0.984006
0.007258 0.097870 0.894872
0.000010 0.021120 0.978870
0.008025 0.018814 0.973161
0.007619 0.017760 0.974621
0.000010 0.006960 0.993030
0.006846 0.071523 0.921631
0.000462 0.022405 0.977133
0.004216 0.010576 0.985208
0.000010 0.017393 0.982597
0.000809 0.013324 0.985868
0.001152 0.032140 0.966708
0.001444 0.025119 0.973437
0.009190 0.064996 0.925814
0.000010 0.035702 0.964288
0.008923 0.032634 0.958443
0.001623 0.022210 0.976168
0.001869 0.012614 0.985517
0.004088 0.009239 0.986673
0.004050 0.027585 0.968365
0.000010 0.033168 0.966822
0.002341 0.031733 0.965926
0.002237 0.033378 0.964385
0.000010 0.015719 0.984271
0.003775 0.022567 0.973658
0.010859 0.063542 0.925600
0.009320 0.076404 0.914276
0.008327 0.016349 0.975324
0.005019 0.039800 0.955180
0.002525 0.027640 0.969835
0.003342 0.011807 0.984851
0.000053 0.050164 0.949783
0.006740 0.029802 0.963458
0.003686 0.025534 0.970781
0.000784 0.016449 0.982767
0.010035 0.025278 0.964687
0.004319 0.053993 0.941689
0.001501 0.025696 0.972803
0.003937 0.024164 0.971899
0.012394 0.010132 0.977474
0.000533 0.049005 0.950462
0.003092 0.014441 0.982466
0.007338 0.015745 0.976917
0.007994 0.035223 0.956783
0.000010 0.026035 0.973955
0.007419 0.021813 0.970768
0.006066 0.015436 0.978499
0.009695 0.084448 0.905857
0.004804 0.083146 0.912050
0.005669 0.014277 0.980055
0.003781 0.008429 0.987790
0.000081 0.101060 0.898859
0.001245 0.012199 0.986556
0.004802 0.010752 0.984447
0.001827 0.039448 0.958726
0.002202 0.023987 0.973811
0.000010 0.012277 0.987713
0.000010 0.018052 0.981938
0.000010 0.023839 0.976151
0.002763 0.011905 0.985332
0.000010 0.025412 0.974578
0.000010 0.028183 0.971807
0.003850 0.008775 0.987375
0.002470 0.033767 0.963763
0.007799 0.039241 0.952960
0.002601 0.013421 0.983978
0.004686 0.014588 0.980726
0.001662 0.014062 0.984276
0.002780 0.010956 0.986264
0.000010 0.044984 0.955006
0.008863 0.086253 0.904884
0.006171 0.018812 0.975017
0.007153 0.062318 0.930529
0.000010 0.033149 0.966841
0.000010 0.000010 0.999980
0.000010 0.000010 0.999980
0.000010 0.000010 0.999980
0.000010 0.000010 0.999980
0.000828 0.000010 0.999162
0.000147 0.000010 0.999843
0.000010 0.000010 0.999980
0.000010 0.000010 0.999980
0.000010 0.000010 0.999980
0.000238 0.002145 0.997617
0.000010 0.000010 0.999980
0.000735 0.000010 0.999255
0.000010 0.000010 0.999980
0.000010 0.000010 0.999980
0.000010 0.000010 0.999980
0.000010 0.000010 0.999980
0.000010 0.000010 0.999980
0.000010 0.025267 0.974723
0.000010 0.000010 0.999980
0.000010 0.000010 0.999980
0.001949 0.158552 0.839499
0.000607 0.000010 0.999383
0.000010 0.000010 0.999980
0.000010 0.000010 0.999980
0.001737 0.000648 0.997615
0.003182 0.000010 0.996808
0.000010 0.003920 0.996070
0.004925 0.003248 0.991827
0.000010 0.000010 0.999980
0.000556 0.027871 0.971573
0.027108 0.088507 0.884385
0.000432 0.000010 0.999558
0.000010 0.000010 0.999980
0.001283 0.033105 0.965612
0.000010 0.000880 0.999110
0.000010 0.000010 0.999980
0.000010 0.000010 0.999980
0.000010 0.014138 0.985852
0.000010 0.000010 0.999980
0.000010 0.000010 0.999980
0.000013 0.000010 0.999977
0.000010 0.000010 0.999980
0.002728 0.000010 0.997262
0.000010 0.004581 0.995409
0.002904 0.002559 0.994537
0.000010 0.000010 0.999980
0.000350 0.060277 0.939373
0.007466 0.000659 0.991875
0.000010 0.003493 0.996497
0.000010 0.000010 0.999980
0.000010 0.137231 0.862759
0.000010 0.090001 0.909989
0.000288 0.003130 0.996582
0.000010 0.000010 0.999980
0.000010 0.000010 0.999980
0.000010 0.000510 0.999480
0.000530 0.001429 0.998041
0.013036 0.021829 0.965135
0.000010 0.000010 0.999980
0.000010 0.000010 0.999980
0.092812 0.246769 0.660420
0.000010 0.000010 0.999980
0.000010 0.003096 0.996894
0.000010 0.001866 0.998124
0.000010 0.002659 0.997331
0.000010 0.000010 0.999980
0.001139 0.000010 0.998851
0.002270 0.000010 0.997720
0.004439 0.000010 0.995551
0.000014 0.000010 0.999976
0.000540 0.000010 0.999450
0.000010 0.000010 0.999980
0.002260 0.001350 0.996390
0.001348 0.003567 0.995085
0.027822 0.553713 0.418465
0.025257 0.530500 0.444243
0.018132 0.542366 0.439502
0.027512 0.541492 0.430996
0.024125 0.558056 0.417819
0.026968 0.535053 0.437979
0.021656 0.524608 0.453735
0.026401 0.546543 0.427056
0.022677 0.551038 0.426285
0.020715 0.563420 0.415865
0.018410 0.543182 0.438409
0.020172 0.539232 0.440596
0.024914 0.552921 0.422164
0.023835 0.563047 0.413119
0.016163 0.568356 0.415481
0.025019 0.561883 0.413098
0.029633 0.513662 0.456705
0.028225 0.547144 0.424630
0.021856 0.556354 0.421790
0.016201 0.571466 0.412334
0.016201 0.574505 0.409294
0.026175 0.520675 0.453150
0.003664 0.000010 0.996326
0.000010 0.006240 0.993750
0.000010 0.006122 0.993868
0.002985 0.001039 0.995976
0.001621 0.000010 0.998369
0.000010 0.002463 0.997527
0.003667 0.004485 0.991847
0.000010 0.006105 0.993885
0.004423 0.000010 0.995567
0.000010 0.007683 0.992307
0.002908 0.004117 0.992975
0.001097 0.001752 0.997151
0.000010 0.002888 0.997102
0.005362 0.000010 0.994628
0.001562 0.000237 0.998202
0.000010 0.000010 0.999980
0.000256 0.000010 0.999734
0.002751 0.000010 0.997239
0.000010 0.000150 0.999840
0.007135 0.000010 0.992855
0.000148 0.000494 0.999358
0.000010 0.000010 0.999980
0.000010 0.000886 0.999104
0.000010 0.003739 0.996251
0.000010 0.006795 0.993195
0.004058 0.005826 0.990116
0.000010 0.006524 0.993466
0.000010 0.008643 0.991347
0.003794 0.002878 0.993328
0.001651 0.000010 0.998339
0.000010 0.001851 0.998139
0.000010 0.002482 0.997508
0.002454 0.000010 0.997536
0.006172 0.000010 0.993818
0.001718 0.011108 0.987174
0.000010 0.010422 0.989568
0.001408 0.003995 0.994597
0.000010 0.004451 0.995539
0.000010 0.003831 0.996159
0.000010 0.168142 0.831848
0.002253 0.000285 0.997462
0.000983 0.000039 0.998978
0.001149 0.000446 0.998406
0.002089 0.000010 0.997901
0.001196 0.006419 0.992385
0.000010 0.004590 0.995400
0.002904 0.003983 0.993114
0.000720 0.006760 0.992521
0.001835 0.005238 0.992927
0.004302 0.005753 0.989946
0.000010 0.019545 0.980445
0.003477 0.000010 0.996513
0.000010 0.005904 0.994086
0.002514 0.000010 0.997476
0.000010 0.008680 0.991310
0.000010 0.006538 0.993452
0.001351 0.003666 0.994983
0.000010 0.003236 0.996754
0.000010 0.005866 0.994124
0.004760 0.010791 0.984449
0.002737 0.004210 0.993053
0.000110 0.004199 0.995691
0.003412 0.011226 0.985362
0.000587 0.004824 0.994589
0.000995 0.003904 0.995101
0.000010 0.000010 0.999980
0.000010 0.000010 0.999980
0.000010 0.000649 0.999341
0.003611 0.001108 0.995281
0.000010 0.010969 0.989021
0.001061 0.005411 0.993528
0.000010 0.008639 0.991351
0.002311 0.003700 0.993989
0.001090 0.009989 0.988921
0.002165 0.010217 0.987618
0.003845 0.000010 0.996145
0.000010 0.014084 0.985906
0.000010 0.004450 0.995540
0.003444 0.000010 0.996546
0.001471 0.000090 0.998439
0.003316 0.002399 0.994285
0.004446 0.000232 0.995321
0.003932 0.006745 0.989323
0.000010 0.000907 0.999083
0.002199 0.006311 0.991490
0.004061 0.007624 0.988315
0.019460 0.034489 0.946051
0.002272 0.006096 0.991633
0.007666 0.006157 0.986177
0.003973 0.000010 0.996017
0.000010 0.000010 0.999980
0.005899 0.003337 0.990763
0.001428 0.004940 0.993632
0.000010 0.003731 0.996259
0.002687 0.010921 0.986393
0.002575 0.003631 0.993795
0.004057 0.003332 0.992610
0.000010 0.007160 0.992830
0.027705 0.504425 0.467870
0.015214 0.533311 0.451476
0.020351 0.524350 0.455298
0.025076 0.522038 0.452885
0.022223 0.508317 0.469460
0.008882 0.521985 0.469133
0.027710 0.526560 0.445730
0.023674 0.447309 0.529017
0.027090 0.521092 0.451818
0.021299 0.508542 0.470159
0.015291 0.433458 0.551251
0.020219 0.516714 0.463067
0.025090 0.502004 0.472907
0.025190 0.508442 0.466368
0.031147 0.500842 0.468011
0.035933 0.486485 0.477582
0.022737 0.437533 0.539729
0.022289 0.524805 0.452906
0.024626 0.426424 0.548950
0.023939 0.446664 0.529397
0.027254 0.495125 0.477621
0.020862 0.450464 0.528674
0.023191 0.437719 0.539090
0.020659 0.543381 0.435960
0.021084 0.552988 0.425928
0.027237 0.508896 0.463867
0.022942 0.445432 0.531626
0.028614 0.488605 0.482780
0.021337 0.436861 0.541802
0.016047 0.447291 0.536662
0.027281 0.516925 0.455794
0.018612 0.441582 0.539807
0.016183 0.439658 0.544159
0.019980 0.534859 0.445160
0.022241 0.561664 0.416095
0.025194 0.432193 0.542612
0.023568 0.426904 0.549528
0.014870 0.427043 0.558087
0.025027 0.384138 0.590834
0.023161 0.425827 0.551012
0.021510 0.428021 0.550469
0.021096 0.425543 0.553361
0.019737 0.441605 0.538657
0.017004 0.449331 0.533665
0.025407 0.419814 0.554779
0.024021 0.428434 0.547545
0.028001 0.415665 0.556334
0.032865 0.438028 0.529106
0.035212 0.421287 0.543502
0.030556 0.439982 0.529462
0.040279 0.396469 0.563252
0.035587 0.385681 0.578732
0.029733 0.453900 0.516368
0.033598 0.441121 0.525281
0.038640 0.371315 0.590045
0.020730 0.478181 0.501089
0.022544 0.438126 0.539330
0.028207 0.466651 0.505142
0.039091 0.401563 0.559345
0.033386 0.398447 0.568167
0.027184 0.453933 0.518883
0.024533 0.435892 0.539575
0.034556 0.444981 0.520462
0.028341 0.452031 0.519628
0.019257 0.483232 0.497511
0.024992 0.428544 0.546464
0.031611 0.414091 0.554298
0.024698 0.448369 0.526933
0.036258 0.373545 0.590196
0.032334 0.438177 0.529490
0.035330 0.430233 0.534437
0.007636 0.838000 0.154364
0.000010 0.832699 0.167291
0.012919 0.823552 0.163529
0.004289 0.803079 0.192632
0.001226 0.816209 0.182565
0.000010 0.886111 0.113879
0.001400 0.816815 0.181786
0.008811 0.831098 0.160090
0.004925 0.829184 0.165891
0.007965 0.803181 0.188855
0.002764 0.832746 0.164490
0.004307 0.815155 0.180538
0.009045 0.814205 0.176750
0.006216 0.887424 0.106360
0.004566 0.836638 0.158796
0.000126 0.832701 0.167173
0.001663 0.806820 0.191516
0.004506 0.828062 0.167432
0.007570 0.816622 0.175808
0.007379 0.812328 0.180293
0.003638 0.832011 0.164351
0.007034 0.824025 0.168941
0.005293 0.859283 0.135425
0.000010 0.781633 0.218357
0.000010 0.809981 0.190009
0.010520 0.838297 0.151183
0.010904 0.835335 0.153761
0.006210 0.836051 0.157739
0.012549 0.800088 0.187363
0.011067 0.814566 0.174367
0.008770 0.844093 0.147138
0.000010 0.848334 0.151656
0.006769 0.792746 0.200485
0.012657 0.791569 0.195774
0.014779 0.816609 0.168612
0.000010 0.791617 0.208373
0.007617 0.835947 0.156436
0.008473 0.790170 0.201356
0.000200 0.832272 0.167528
0.001610 0.847020 0.151369
0.005574 0.843439 0.150987
0.005834 0.840346 0.153821
0.006598 0.825484 0.167917
0.006285 0.819016 0.174699
0.004328 0.835342 0.160330
0.010754 0.678539 0.310707
0.000010 0.861979 0.138011
0.263637 0.736353 0.000010
0.009389 0.826685 0.163926
0.001314 0.825611 0.173075
0.001922 0.828405 0.169673
0.000010 0.813654 0.186336
0.010180 0.831758 0.158061
0.000680 0.842620 0.156701
0.006761 0.850522 0.142717
0.000010 0.796412 0.203578
0.007215 0.831610 0.161175
0.011236 0.812308 0.176456
0.003938 0.832478 0.163584
0.000010 0.841179 0.158811
0.013018 0.969652 0.017329
0.006501 0.841146 0.152353
0.004379 0.811251 0.184370
0.000010 0.837956 0.162034
0.007360 0.880506 0.112134
0.002538 0.840405 0.157057
0.004043 0.782710 0.213247
0.000010 0.828897 0.171093
0.009081 0.836045 0.154874
0.003473 0.826903 0.169624
0.005051 0.818766 0.176183
0.007827 0.697687 0.294485
0.012220 0.849000 0.138780
0.015171 0.961132 0.023696
0.005522 0.821506 0.172972
0.000084 0.825265 0.174651
0.004108 0.889308 0.106584
0.003484 0.835625 0.160891
0.002069 0.777285 0.220645
0.008463 0.822823 0.168715
0.010466 0.786474 0.203060
0.003034 0.824053 0.172913
0.010719 0.824933 0.164347
0.002250 0.777117 0.220632
0.006398 0.830023 0.163579
0.005859 0.809479 0.184662
0.006301 0.871240 0.122458
0.001865 0.825277 0.172859
0.003015 0.821773 0.175211
0.002596 0.829746 0.167658
0.001273 0.852313 0.146414
0.007928 0.803428 0.188645
0.004897 0.829608 0.165495
0.000010 0.825320 0.174670
0.003888 0.804721 0.191391
0.002923 0.836067 0.161010
0.006960 0.773491 0.219548
0.000010 0.780933 0.219057
0.003176 0.838664 0.158160
0.004555 0.006035 0.989410
0.002637 0.014872 0.982491
0.011530 0.262217 0.726254
0.015077 0.088170 0.896754
0.005605 0.109090 0.885305
0.011468 0.031907 0.956625
0.002013 0.033846 0.964142
0.008803 0.092252 0.898945
0.003555 0.109029 0.887416
0.010766 0.042976 0.946258
0.004214 0.052038 0.943748
0.003106 0.095151 0.901744
0.003151 0.062996 0.933853
0.010523 0.046660 0.942817
0.010605 0.032777 0.956618
0.003255 0.019260 0.977484
0.011875 0.166971 0.821154
0.000010 0.010267 0.989723
0.010386 0.021983 0.967631
0.005742 0.136599 0.857659
0.001809 0.031424 0.966767
0.011317 0.071338 0.917345
0.000010 0.016347 0.983643
0.000010 0.013121 0.986869
0.003088 0.020241 0.976671
0.009910 0.015743 0.974347
0.000010 0.028484 0.971506
0.011424 0.068791 0.919785
0.005239 0.029037 0.965724
0.009040 0.163091 0.827869
0.007536 0.101706 0.890759
0.005469 0.057510 0.937021
0.004417 0.019909 0.975674
0.012031 0.174149 0.813820
0.005387 0.029170 0.965443
0.008838 0.089529 0.901632
0.005436 0.152304 0.842260
0.009467 0.164426 0.826107
0.009536 0.012645 0.977819
0.002575 0.020416 0.977010
0.004212 0.021740 0.974048
0.002362 0.021439 0.976200
0.000804 0.023858 0.975338
0.006648 0.010315 0.983038
0.000010 0.026274 0.973716
0.000010 0.010926 0.989064
0.005403 0.033119 0.961477
0.000010 0.042737 0.957253
0.008608 0.059289 0.932103
0.006412 0.042308 0.951280
0.000010 0.047922 0.952068
0.000072 0.017202 0.982726
0.002572 0.013492 0.983935
0.002366 0.075024 0.922610
0.005977 0.011577 0.982445
0.004973 0.028950 0.966077
0.004416 0.016853 0.978731
0.005252 0.110374 0.884374
0.003491 0.052567 0.943943
0.002186 0.055876 0.941938
0.007043 0.011453 0.981503
0.005607 0.079164 0.915229
0.000639 0.024842 0.974519
0.006405 0.012721 0.980874
0.008905 0.132649 0.858446
0.014029 0.077106 0.908866
0.000010 0.150277 0.849713
0.005254 0.018489 0.976257
0.003231 0.040939 0.955830
0.010572 0.121227 0.868200
0.010736 0.019734 0.969530
0.006989 0.100953 0.892058
0.000586 0.019671 0.979743
0.001352 0.023373 0.975275
0.005806 0.020570 0.973625
0.010970 0.105220 0.883810
0.002436 0.017531 0.980033
0.014960 0.083620 0.901420
0.005051 0.081941 0.913008
0.009157 0.039194 0.951649
0.011514 0.053633 0.934854
0.000010 0.014510 0.985480
0.003176 0.010938 0.985886
0.004038 0.118381 0.877581
0.002206 0.037198 0.960596
0.003618 0.029200 0.967181
0.004639 0.020261 0.975100
0.000010 0.043749 0.956241
0.009417 0.117057 0.873526
0.002622 0.017304 0.980074
0.005855 0.024508 0.969637
0.005492 0.016475 0.978033
0.000010 0.005154 0.994836
0.000010 0.055019 0.944971
0.000823 0.014707 0.984470
0.005232 0.043554 0.951214
0.002315 0.063636 0.934049
0.000010 0.017527 0.982463
0.007244 0.009690 0.983066
0.003272 0.016413 0.980316
0.002405 0.077979 0.919616
0.005624 0.047793 0.946582
0.002487 0.044688 0.952825
0.005872 0.061478 0.932650
0.009345 0.008194 0.982461
0.002285 0.023871 0.973844
0.006148 0.023440 0.970412
0.013527 0.100736 0.885737
0.010258 0.103851 0.885890
0.013059 0.097484 0.889457
0.007380 0.030079 0.962541
0.003649 0.060076 0.936276
0.007433 0.054052 0.938515
0.007103 0.114975 0.877922
0.000010 0.014418 0.985572
0.000288 0.026703 0.973009
0.004000 0.028428 0.967572
0.004361 0.057984 0.937656
0.015626 0.116937 0.867438
0.000604 0.032938 0.966458
0.007763 0.062950 0.929288
0.016552 0.096845 0.886603
0.006878 0.044031 0.949092
0.000489 0.010929 0.988582
0.001526 0.018944 0.979530
0.011380 0.106366 0.882254
0.004792 0.034658 0.960550
0.002351 0.080562 0.917087
0.001266 0.035547 0.963187
0.005049 0.073022 0.921929
0.012732 0.117916 0.869352
0.004305 0.007016 0.988679
0.004822 0.043661 0.951517
0.000010 0.067132 0.932858
0.007686 0.155537 0.836777
0.001266 0.043787 0.954947
0.003448 0.084360 0.912192
0.000010 0.012906 0.987084
0.010787 0.158552 0.830661
0.011900 0.052072 0.936028
0.004003 0.049421 0.946576
0.003423 0.015867 0.980709
0.005011 0.010906 0.984084
0.007027 0.076929 0.916045
0.006457 0.037477 0.956066
0.000010 0.024493 0.975497
0.005904 0.019629 0.974467
0.007393 0.073061 0.919546
0.003888 0.094634 0.901478
0.006391 0.103912 0.889698
0.005740 0.092615 0.901644
0.009855 0.012246 0.977900
0.002124 0.019469 0.978406
0.005219 0.024949 0.969832
0.007882 0.018588 0.973530
0.001218 0.017091 0.981691
0.004660 0.101426 0.893914
0.007394 0.034330 0.958276
0.000010 0.024889 0.975101
0.012395 0.009632 0.977973
0.001929 0.036165 0.961905
0.000141 0.110909 0.888951
0.009573 0.004590 0.985837
0.000010 0.015769 0.984221
0.005044 0.089142 0.905813
0.004703 0.068198 0.927100
0.002132 0.014743 0.983125
0.006046 0.015104 0.978849
0.006926 0.017702 0.975372
0.014533 0.042573 0.942893
0.000010 0.012697 0.987293
0.005866 0.009817 0.984316
0.013927 0.103709 0.882365
0.002771 0.027211 0.970018
0.002566 0.027954 0.969481
0.005036 0.011264 0.983701
0.008647 0.024979 0.966374
0.002011 0.026679 0.971310
0.004529 0.123546 0.871925
0.004784 0.106768 0.888448
0.000929 0.009719 0.989352
0.001360 0.050233 0.948407
0.000789 0.021648 0.977563
0.000074 0.039575 0.960351
0.000010 0.046666 0.953324
0.000010 0.015582 0.984408
0.001572 0.047038 0.951390
0.002518 0.092084 0.905398
0.008915 0.123142 0.867944
0.002855 0.039176 0.957968
0.007801 0.010862 0.981337
0.001705 0.031991 0.966305
0.007078 0.050618 0.942305
0.003013 0.020956 0.976030
0.005438 0.034034 0.960528
0.007106 0.007937 0.984956
0.009315 0.058916 0.931769
0.004540 0.008681 0.986779
0.002694 0.011192 0.986114
0.004300 0.021935 0.973765
0.006022 0.028031 0.965946
0.012135 0.079731 0.908134
0.001213 0.013180 0.985607
0.005861 0.006825 0.987314
0.005341 0.078557 0.916102
0.001683 0.022263 0.976054
0.008083 0.091099 0.900818
0.000010 0.028279 0.971711
0.004576 0.030826 0.964598
0.006419 0.005538 0.988043
0.008789 0.023317 0.967893
0.013063 0.015022 0.971916
0.004542 0.028659 0.966799
0.011373 0.017361 0.971266
0.006438 0.089410 0.904152
0.008848 0.222225 0.768927
0.015271 0.250963 0.733766
0.001874 0.018000 0.980126
0.007471 0.094503 0.898026
0.006646 0.087765 0.905589
0.012475 0.094497 0.893028
0.005888 0.032311 0.961800
0.008414 0.086094 0.905493
0.009327 0.074731 0.915941
0.004096 0.022811 0.973094
0.003738 0.066081 0.930181
0.017593 0.206190 0.776217
0.005811 0.116319 0.877870
0.000010 0.094963 0.905027
0.003179 0.100538 0.896283
0.002497 0.079274 0.918228
0.000010 0.061039 0.938951
0.011529 0.089600 0.898870
0.000010 0.020754 0.979236
0.001980 0.060604 0.937416
0.002548 0.122817 0.874635
0.001911 0.016534 0.981555
0.002187 0.064273 0.933539
0.005002 0.018473 0.976525
0.007587 0.028043 0.964370
0.012217 0.012434 0.975349
0.008910 0.014722 0.976368
0.007595 0.086578 0.905828
0.000010 0.017756 0.982234
0.006779 0.022913 0.970308
0.004257 0.011138 0.984605
0.004834 0.009245 0.985922
0.006493 0.011430 0.982077
0.009167 0.012580 0.978253
0.009539 0.052978 0.937483
0.011575 0.027450 0.960975
0.001490 0.032155 0.966355
0.006715 0.036188 0.957097
0.002507 0.063833 0.933660
0.005708 0.088701 0.905592
0.006315 0.020070 0.973615
0.002314 0.039505 0.958181
0.007179 0.014607 0.978213
0.005201 0.010334 0.984465
0.004003 0.013517 0.982480
0.007805 0.120031 0.872164
0.003387 0.018154 0.978458
0.004692 0.009738 0.985570
0.003514 0.027624 0.968862
0.009588 0.051431 0.938981
0.001376 0.032333 0.966291
0.000364 0.025398 0.974238
0.004640 0.030366 0.964993
0.007122 0.030523 0.962355
0.003104 0.046044 0.950852
0.000010 0.016852 0.983138
0.009452 0.037897 0.952652
0.008487 0.031877 0.959636
0.003678 0.043117 0.953206
0.007403 0.015675 0.976922
0.002825 0.021661 0.975513
0.002469 0.023426 0.974105
0.007915 0.082598 0.909487
0.000010 0.017867 0.982123
0.002755 0.123517 0.873728
0.013099 0.078367 0.908534
0.004986 0.032591 0.962422
0.006747 0.014790 0.978463
0.007459 0.072287 0.920254
0.005612 0.044104 0.950285
0.009062 0.083290 0.907648
0.002621 0.052908 0.944470
0.009179 0.042089 0.948732
0.003546 0.099946 0.896508
0.010452 0.171775 0.817774
0.007525 0.188157 0.804317
0.005134 0.021544 0.973321
0.006710 0.127343 0.865947
0.002768 0.080773 0.916459
0.010310 0.052286 0.937403
0.000010 0.016972 0.983018
0.008699 0.014250 0.977051
0.005603 0.033130 0.961266
0.008701 0.074205 0.917094
0.006715 0.131605 0.861679
0.004456 0.116964 0.878580
0.008110 0.015996 0.975895
0.001970 0.044732 0.953298
0.003102 0.029194 0.967705
0.005124 0.093228 0.901648
0.000010 0.026944 0.973046
0.004611 0.119148 0.876240
0.002179 0.026139 0.971682
0.002451 0.017803 0.979746
0.005346 0.020396 0.974258
0.001882 0.013735 0.984383
0.006270 0.011199 0.982530
0.006516 0.031682 0.961802
0.002211 0.007734 0.990055
0.013765 0.109953 0.876282
0.009865 0.066014 0.924121
0.001022 0.057902 0.941077
0.000728 0.048565 0.950707
0.000010 0.016251 0.983739
0.003488 0.032520 0.963991
0.001068 0.020328 0.978604
0.007133 0.109026 0.883841
0.004590 0.019223 0.976187
0.007656 0.054807 0.937537
0.005600 0.018671 0.975729
0.004937 0.011603 0.983459
0.003145 0.015666 0.981190
0.003296 0.086917 0.909787
0.000010 0.020028 0.979962
0.004362 0.035596 0.960043
0.000504 0.032406 0.967090
0.007025 0.030353 0.962623
0.006386 0.012025 0.981589
0.005363 0.015157 0.979480
0.001201 0.010528 0.988271
0.005044 0.019497 0.975459
0.000283 0.036515 0.963202
0.011812 0.129722 0.858466
0.006824 0.015255 0.977921
0.001492 0.028022 0.970486
0.003730 0.019408 0.976862
0.013756 0.158742 0.827503
0.003967 0.029608 0.966425
0.007159 0.051588 0.941253
0.000010 0.023031 0.976959
0.001055 0.029742 0.969203
0.003439 0.072174 0.924386
0.008525 0.115872 0.875603
0.009229 0.067263 0.923508
0.003838 0.012891 0.983271
0.003896 0.099839 0.896265
0.000010 0.026901 0.973089
0.000010 0.026811 0.973179
0.003646 0.012068 0.984286
0.004606 0.011086 0.984308
0.009926 0.070975 0.919099
0.000010 0.011090 0.988900
0.000010 0.022770 0.977220
0.001845 0.030550 0.967605
0.003032 0.015792 0.981176
0.002351 0.040480 0.957169
0.003422 0.003931 0.992647
0.002416 0.013019 0.984565
0.006417 0.079350 0.914233
0.010161 0.238514 0.751325
0.005392 0.024093 0.970515
0.004736 0.022064 0.973200
0.001680 0.006920 0.991400
0.000726 0.022624 0.976650
0.000010 0.014949 0.985041
0.004446 0.095031 0.900523
0.000010 0.013420 0.986570
0.003242 0.019589 0.977168
0.001431 0.010605 0.987964
0.006266 0.120806 0.872929
0.002145 0.025429 0.972426
0.000010 0.022155 0.977835
0.003382 0.009069 0.987549
0.003325 0.005420 0.991255
0.002157 0.039455 0.958388
0.002648 0.040239 0.957113
0.000566 0.023179 0.976255
0.000010 0.016706 0.983284
0.003294 0.020065 0.976641
0.000010 0.081534 0.918456
0.004688 0.031291 0.964021
0.006523 0.010340 0.983137
0.003535 0.025412 0.971053
0.008806 0.050621 0.940573
0.002827 0.042458 0.954716
0.007693 0.055299 0.937008
0.009289 0.020638 0.970073
0.007905 0.115736 0.876359
0.000010 0.037819 0.962171
0.001281 0.025585 0.973134
0.005040 0.020528 0.974433
0.000456 0.056496 0.943048
0.002980 0.058345 0.938675
0.000010 0.051330 0.948660
0.007307 0.094592 0.898101
0.003915 0.079057 0.917028
0.006739 0.019973 0.973288
0.001615 0.034305 0.964080
0.003403 0.019750 0.976846
0.004760 0.013866 0.981374
0.006437 0.108994 0.884569
0.000010 0.032285 0.967705
0.006227 0.025032 0.968741
0.010311 0.014698 0.974990
0.001040 0.026832 0.972127
0.006346 0.057193 0.936461
0.005205 0.037647 0.957148
0.000010 0.059402 0.940588
0.003350 0.036554 0.960096
0.005131 0.027524 0.967345
0.006190 0.124759 0.869052
0.000010 0.032446 0.967544
0.010409 0.038898 0.950693
0.010246 0.033679 0.956074
0.007556 0.048503 0.943941
0.009598 0.121329 0.869073
0.005751 0.016418 0.977831
0.001010 0.033737 0.965253
0.002220 0.021269 0.976511
0.000010 0.024331 0.975659
0.005599 0.017418 0.976982
0.009306 0.024024 0.966670
0.005298 0.009349 0.985353
0.000010 0.013919 0.986071
0.003195 0.078724 0.918082
0.002148 0.020766 0.977086
0.002867 0.008647 0.988486
0.011212 0.065982 0.922806
0.001203 0.099004 0.899793
0.004295 0.048066 0.947639
0.006730 0.051816 0.941454
0.007670 0.009356 0.982974
0.005265 0.021936 0.972798
0.005017 0.030981 0.964002
0.000010 0.056909 0.943081
0.000010 0.043459 0.956531
0.005949 0.111290 0.882761
0.000010 0.115989 0.884001
0.001233 0.033767 0.965000
0.005337 0.054494 0.940169
0.000010 0.070355 0.929635
0.001365 0.026529 0.972106
0.000010 0.016105 0.983885
0.001598 0.020690 0.977712
0.001334 0.023938 0.974728
0.000010 0.020428 0.979562
0.000010 0.054583 0.945407
0.005234 0.014245 0.980521
0.006845 0.055995 0.937160
0.060931 0.227425 0.711644
0.003248 0.052932 0.943820
0.002850 0.035978 0.961172
0.000010 0.030231 0.969759
0.008205 0.019055 0.972740
0.003896 0.017737 0.978367
0.001122 0.022210 0.976668
0.003977 0.022094 0.973929
0.003988 0.012688 0.983325
0.005820 0.024892 0.969289
0.006933 0.134471 0.858596
0.000557 0.091786 0.907657
0.000010 0.106549 0.893441
0.012796 0.100947 0.886256
0.000010 0.009985 0.990005
0.000010 0.062207 0.937783
0.000205 0.101264 0.898532
0.004704 0.094790 0.900506
0.002008 0.092803 0.905189
0.010949 0.077277 0.911774
0.000559 0.011465 0.987977
0.004642 0.015534 0.979824
0.008912 0.110894 0.880194
0.001432 0.088464 0.910104
0.006501 0.099938 0.893560
0.000010 0.010932 0.989058
0.006834 0.041739 0.951427
0.000428 0.041076 0.958496
0.009314 0.033300 0.957386
0.005176 0.061476 0.933348
0.002436 0.063916 0.933648
0.001210 0.022125 0.976665
0.006445 0.081844 0.911711
0.001116 0.005456 0.993428
0.008084 0.093485 0.898430
0.002700 0.059712 0.937588
0.000010 0.025202 0.974788
0.001312 0.063766 0.934921
0.004895 0.018395 0.976710
0.003718 0.011933 0.984350
0.002652 0.020207 0.977141
0.010216 0.170934 0.818850
0.000010 0.009242 0.990748
0.000681 0.019543 0.979776
0.010157 0.026544 0.963298
0.008960 0.018452 0.972588
0.000010 0.060984 0.939006
0.000010 0.021991 0.977999
0.007657 0.142687 0.849656
0.001526 0.077090 0.921385
0.000010 0.017782 0.982208
0.006601 0.112812 0.880587
0.005911 0.014930 0.979158
0.009013 0.026831 0.964157
0.000010 0.070998 0.928992
0.000010 0.007748 0.992242
0.005164 0.120411 0.874425
0.010951 0.102115 0.886934
0.004947 0.138298 0.856755
0.000397 0.009470 0.990133
0.006641 0.036490 0.956869
0.006652 0.015078 0.978270
0.005970 0.024767 0.969262
0.004599 0.033296 0.962106
0.005619 0.020092 0.974289
0.000010 0.025237 0.974753
0.003061 0.021493 0.975447
0.000010 0.033227 0.966763
0.002298 0.023961 0.973741
0.000010 0.017913 0.982077
0.007498 0.023274 0.969228
0.005927 0.011067 0.983007
0.002162 0.059447 0.938390
0.008854 0.027488 0.963658
0.008660 0.100908 0.890433
0.000018 0.034438 0.965544
0.006802 0.022671 0.970527
0.003728 0.037517 0.958754
0.003886 0.063532 0.932582
0.005621 0.022059 0.972320
0.004250 0.005788 0.989962
0.000328 0.027703 0.971969
0.004846 0.029250 0.965904
0.000208 0.018522 0.981270
0.002587 0.014136 0.983277
0.000010 0.030201 0.969789
0.000531 0.014030 0.985439
0.004651 0.114289 0.881060
0.004899 0.060871 0.934231
0.000648 0.019797 0.979555
0.007593 0.029288 0.963118
0.000400 0.035325 0.964275
0.000010 0.024930 0.975060
0.000010 0.028880 0.971110
0.005774 0.041686 0.952540
0.003160 0.027101 0.969739
0.004128 0.034866 0.961006
0.004393 0.032356 0.963251
0.001149 0.021389 0.977462
0.000010 0.078576 0.921414
0.004849 0.055456 0.939695
0.000010 0.039505 0.960485
0.002695 0.116185 0.881121
0.000010 0.029295 0.970695
0.003633 0.027636 0.968731
0.000010 0.017015 0.982975
0.000010 0.021423 0.978567
0.006749 0.036625 0.956626
0.011541 0.012561 0.975898
0.004420 0.045212 0.950368
0.000432 0.104250 0.895318
0.007189 0.038344 0.954466
0.005192 0.016159 0.978649
0.010811 0.102169 0.887019
0.009978 0.120140 0.869882
0.004824 0.080647 0.914528
0.007466 0.138287 0.854246
0.011110 0.010115 0.978775
0.002844 0.037575 0.959582
0.008930 0.116392 0.874679
0.012761 0.096222 0.891017
0.002557 0.025212 0.972231
0.007223 0.010697 0.982080
0.000010 0.039748 0.960242
0.002956 0.049544 0.947500
0.004941 0.015198 0.979862
0.000710 0.039439 0.959852
0.006142 0.111799 0.882059
0.004449 0.011846 0.983705
0.007396 0.028340 0.964265
0.005738 0.004216 0.990047
0.005603 0.007755 0.986641
0.004464 0.013065 0.982471
0.001365 0.027576 0.971059
0.021869 0.181420 0.796710
0.002033 0.033040 0.964926
0.010688 0.100056 0.889256
0.009119 0.034711 0.956170
0.002159 0.015598 0.982243
0.003372 0.027397 0.969232
0.006661 0.030366 0.962973
0.003982 0.035525 0.960494
0.004644 0.067183 0.928173
0.000010 0.020701 0.979289
0.000010 0.022569 0.977421
0.002730 0.051778 0.945493
0.004111 0.075203 0.920686
0.006441 0.072911 0.920648
0.003636 0.031938 0.964426
0.000010 0.061949 0.938041
0.016254 0.230319 0.753427
0.002750 0.019991 0.977260
0.000010 0.020020 0.979970
0.003068 0.021405 0.975527
0.006911 0.024835 0.968254
0.002341 0.083744 0.913915
0.004193 0.014824 0.980983
0.006872 0.013027 0.980101
0.001625 0.079615 0.918760
0.007972 0.100984 0.891044
0.004200 0.070932 0.924869
0.000010 0.032571 0.967419
0.000010 0.021573 0.978417
0.011491 0.209167 0.779342
0.009964 0.050415 0.939621
0.007592 0.042144 0.950264
0.003213 0.009693 0.987094
0.006532 0.014074 0.979394
0.000010 0.059655 0.940335
0.000010 0.019145 0.980845
0.008331 0.012642 0.979027
0.013229 0.013089 0.973681
0.006033 0.013746 0.980221
0.007405 0.024229 0.968366
0.007017 0.084219 0.908764
0.008327 0.005929 0.985744
0.000010 0.069790 0.930200
0.000010 0.014818 0.985172
0.007481 0.077823 0.914696
0.000010 0.007646 0.992344
0.003904 0.061272 0.934824
0.004125 0.025533 0.970342
0.014532 0.103262 0.882206
0.009906 0.047261 0.942833
0.007265 0.049087 0.943648
0.009253 0.053279 0.937468
0.000692 0.038598 0.960710
0.003403 0.052024 0.944574
0.009091 0.193911 0.796997
0.005547 0.022618 0.971835
0.019088 0.122220 0.858691
0.012333 0.275826 0.711841
0.008012 0.023033 0.968955
0.003137 0.022542 0.974321
0.006644 0.020476 0.972880
0.005368 0.013297 0.981335
0.008734 0.080151 0.911115
0.007485 0.025461 0.967054
0.000037 0.016991 0.982972
0.005127 0.034008 0.960865
0.002988 0.013262 0.983750
0.000010 0.020472 0.979518
0.004967 0.021655 0.973378
0.001466 0.030165 0.968369
0.002295 0.011838 0.985867
0.001856 0.046286 0.951858
0.000010 0.011131 0.988859
0.001279 0.025925 0.972796
0.003579 0.007464 0.988957
0.007848 0.072389 0.919763
0.009233 0.021877 0.968891
0.000010 0.020235 0.979755
0.000010 0.016117 0.983873
0.004850 0.020398 0.974753
0.004660 0.010673 0.984667
0.001150 0.022490 0.976360
0.000010 0.011595 0.988395
0.008571 0.023821 0.967608
0.019075 0.054805 0.926120
0.003543 0.086407 0.910050
0.000152 0.059211 0.940637
0.019919 0.193797 0.786284
0.003440 0.118854 0.877706
0.004080 0.078727 0.917193
0.007436 0.024372 0.968193
0.000010 0.031251 0.968739
0.000010 0.038572 0.961418
0.000010 0.020650 0.979340
0.006114 0.013132 0.980754
0.002197 0.013086 0.984717
0.006508 0.226523 0.766968
0.000010 0.021130 0.978860
0.001732 0.010296 0.987973
0.001783 0.045415 0.952802
0.007393 0.008322 0.984285
0.014204 0.232408 0.753388
0.001301 0.015620 0.983079
0.003370 0.002856 0.993774
0.012344 0.259388 0.728268
0.006983 0.014895 0.978122
0.001383 0.058926 0.939691
0.005266 0.035918 0.958816
0.000010 0.024201 0.975789
0.001979 0.107162 0.890859
0.012427 0.278074 0.709499
0.000010 0.014590 0.985400
0.007803 0.156461 0.835735
0.000456 0.090942 0.908602
0.001342 0.033802 0.964856
0.000010 0.018759 0.981231
0.018027 0.245499 0.736473
0.004202 0.024369 0.971429
0.002066 0.010982 0.986951
0.002167 0.067602 0.930231
0.009717 0.080051 0.910233
0.005319 0.010301 0.984380
0.009233 0.089809 0.900958
0.000010 0.024934 0.975056
0.007380 0.015622 0.976998
0.000010 0.039994 0.959996
0.004334 0.019120 0.976546
0.004387 0.080757 0.914856
0.002067 0.010715 0.987218
0.002186 0.029147 0.968667
0.010399 0.048863 0.940738
0.003884 0.021002 0.975114
0.002062 0.030863 0.967075
0.000010 0.041528 0.958462
0.003730 0.047717 0.948553
0.002078 0.063059 0.934863
0.000010 0.020190 0.979800
0.005689 0.068188 0.926123
0.010857 0.089290 0.899853
0.013731 0.072660 0.913608
0.007616 0.007424 0.984960
0.001467 0.026181 0.972352
0.000010 0.020050 0.979940
0.008807 0.116476 0.874717
0.001755 0.023448 0.974797
0.004663 0.052553 0.942784
0.014190 0.103360 0.882450
0.004593 0.005346 0.990061
0.000160 0.021387 0.978453
0.000010 0.034139 0.965851
0.004727 0.011791 0.983481
0.003912 0.041490 0.954598
0.007825 0.003312 0.988863
0.002747 0.049675 0.947578
0.003151 0.030139 0.966709
0.000010 0.017726 0.982264
0.008764 0.046252 0.944983
0.016407 0.132146 0.851446
0.000010 0.029604 0.970386
0.020873 0.098686 0.880441
0.000142 0.098637 0.901221
0.000010 0.038299 0.961691
0.003637 0.036605 0.959757
0.000010 0.018413 0.981577
0.001332 0.009817 0.988851
0.001360 0.025542 0.973098
0.002278 0.029052 0.968670
0.000588 0.045556 0.953856
0.009111 0.014508 0.976381
0.008335 0.118928 0.872737
0.006546 0.029088 0.964366
0.001742 0.090538 0.907720
0.000277 0.074172 0.925550
0.006609 0.152906 0.840485
0.000010 0.015505 0.984485
0.000010 0.019533 0.980457
0.020654 0.123767 0.855578
0.022101 0.246678 0.731221
0.001866 0.013076 0.985059
0.017700 0.239617 0.742683
0.002846 0.032917 0.964237
0.001739 0.018490 0.979771
0.005321 0.058440 0.936238
0.004881 0.066262 0.928857
0.004909 0.026455 0.968636
0.000010 0.011704 0.988286
0.004146 0.010770 0.985084
0.005635 0.017879 0.976487
0.006722 0.025797 0.967481
0.003908 0.032088 0.964004
0.000282 0.016473 0.983245
0.000010 0.101099 0.898891
0.000877 0.038408 0.960715
0.011637 0.005243 0.983120
0.000319 0.017634 0.982047
0.008556 0.097031 0.894413
0.000010 0.032166 0.967824
0.007251 0.070205 0.922545
0.000010 0.023363 0.976627
0.011144 0.065821 0.923035
0.002653 0.033149 0.964198
0.005104 0.055055 0.939841
0.008029 0.067096 0.924875
0.002172 0.028277 0.969551
0.001307 0.014515 0.984178
0.001223 0.018028 0.980749
0.008777 0.151372 0.839851
0.004477 0.058310 0.937213
0.002889 0.029471 0.967640
0.000010 0.067618 0.932372
0.001874 0.020148 0.977978
0.005479 0.013716 0.980805
0.007363 0.063554 0.929083
0.006429 0.035354 0.958217
0.009642 0.158487 0.831871
0.005799 0.013472 0.980729
0.003772 0.016191 0.980037
0.005664 0.157266 0.837070
0.002103 0.013179 0.984717
0.000010 0.050548 0.949442
0.000010 0.018867 0.981123
0.005224 0.019412 0.975364
0.003550 0.025950 0.970499
0.007433 0.091606 0.900961
0.007485 0.067293 0.925222
0.006130 0.025226 0.968644
0.008435 0.091212 0.900353
0.002129 0.021624 0.976246
0.006720 0.015464 0.977816
0.006127 0.012920 0.980953
0.012805 0.115551 0.871644
0.005917 0.009285 0.984798
0.000814 0.029021 0.970164
0.006683 0.012710 0.980607
0.007817 0.022240 0.969943
0.003648 0.022696 0.973656
0.001109 0.010950 0.987941
0.000010 0.020462 0.979528
0.000287 0.021971 0.977742
0.009442 0.100393 0.890166
0.000963 0.012989 0.986049
0.001163 0.020474 0.978363
0.001667 0.031380 0.966953
0.000010 0.014960 0.985030
0.000010 0.014802 0.985188
0.009683 0.137699 0.852618
0.009320 0.150042 0.840639
0.000170 0.010594 0.989235
0.005851 0.056071 0.938078
0.000010 0.057600 0.942390
0.006638 0.047748 0.945614
0.000010 0.019658 0.980332
0.003007 0.011456 0.985537
0.015001 0.041588 0.943411
0.000010 0.086011 0.913979
0.005682 0.009249 0.985069
0.000010 0.011366 0.988624
0.000010 0.025980 0.974010
0.001578 0.089846 0.908576
0.000010 0.045723 0.954267
0.001958 0.017099 0.980943
0.007320 0.021967 0.970712
0.002341 0.038857 0.958802
0.000010 0.017770 0.982220
0.000010 0.022476 0.977514
0.000824 0.031096 0.968080
0.003735 0.020414 0.975851
0.004093 0.015913 0.979994
0.005706 0.104951 0.889343
0.008830 0.088561 0.902609
0.000556 0.016882 0.982561
0.005945 0.012300 0.981755
0.000255 0.016409 0.983336
0.003814 0.016018 0.980168
0.000163 0.026269 0.973568
0.000747 0.036931 0.962322
0.001244 0.026919 0.971836
0.009666 0.010197 0.980137
0.000010 0.050338 0.949652
0.005978 0.089781 0.904240
0.000010 0.033122 0.966868
0.004298 0.060001 0.935701
0.003299 0.017944 0.978757
0.002097 0.021737 0.976166
0.001463 0.021659 0.976878
0.004920 0.017692 0.977388
0.000010 0.020650 0.979340
0.002746 0.025192 0.972062
0.007468 0.020415 0.972116
0.003464 0.013317 0.983218
0.000375 0.019711 0.979913
0.002116 0.018956 0.978928
0.001020 0.024122 0.974858
0.003825 0.034985 0.961190
0.007328 0.089227 0.903445
0.002487 0.012990 0.984523
0.000010 0.022114 0.977876
0.000010 0.010381 0.989609
0.004641 0.006451 0.988908
0.006659 0.014230 0.979112
0.011750 0.015798 0.972452
0.006053 0.019961 0.973986
0.000010 0.019755 0.980235
0.002529 0.042046 0.955426
0.004855 0.091568 0.903577
0.001164 0.018478 0.980359
0.005986 0.012459 0.981555
0.005838 0.012046 0.982116
0.009800 0.012068 0.978132
0.000010 0.011736 0.988254
0.012352 0.036325 0.951323
0.006141 0.009144 0.984715
0.005910 0.038893 0.955196
0.000010 0.017901 0.982089
0.000701 0.129070 0.870228
0.002819 0.074428 0.922753
0.000010 0.014624 0.985366
0.003203 0.034708 0.962089
0.005107 0.033509 0.961384
0.000010 0.022158 0.977832
0.000010 0.016913 0.983077
0.005575 0.086614 0.907811
0.003786 0.051310 0.944904
0.007092 0.018629 0.974279
0.024360 0.034593 0.941047
0.005637 0.016168 0.978195
0.002465 0.013158 0.984377
0.002603 0.012364 0.985033
0.000010 0.012164 0.987826
0.001694 0.021550 0.976756
0.003299 0.026211 0.970490
0.004923 0.027000 0.968078
0.000010 0.065893 0.934097
0.020370 0.145351 0.834279
0.002032 0.036325 0.961643
0.001077 0.042097 0.956827
0.002765 0.018360 0.978875
0.005815 0.027648 0.966538
0.001163 0.028512 0.970325
0.003802 0.007123 0.989074
0.000010 0.014826 0.985164
0.001714 0.021343 0.976943
0.003207 0.025917 0.970876
0.003960 0.110448 0.885592
0.002470 0.052243 0.945287
0.002778 0.015541 0.981681
0.010173 0.043936 0.945891
0.005478 0.093757 0.900765
0.005673 0.064196 0.930131
0.008281 0.066726 0.924994
0.001732 0.021196 0.977072
0.009360 0.090970 0.899669
0.003574 0.130930 0.865495
0.012267 0.113100 0.874633
0.006554 0.096016 0.897429
0.009476 0.052528 0.937996
0.000794 0.006972 0.992234
0.000010 0.054481 0.945509
0.000704 0.027342 0.971954
0.000010 0.040704 0.959286
0.000010 0.034114 0.965876
0.004204 0.118014 0.877782
0.003398 0.014400 0.982202
0.001112 0.015721 0.983167
0.000010 0.011931 0.988059
0.000010 0.023203 0.976787
0.009354 0.009466 0.981179
0.000970 0.027360 0.971671
0.007901 0.011606 0.980493
0.002287 0.027843 0.969870
0.013987 0.220116 0.765897
0.000010 0.026551 0.973439
0.000278 0.048333 0.951388
0.006648 0.185658 0.807694
0.008821 0.050632 0.940547
0.008202 0.055138 0.936660
0.006488 0.014704 0.978809
0.000977 0.020226 0.978797
0.006320 0.101401 0.892279
0.004809 0.082877 0.912314
0.001352 0.013831 0.984817
0.005444 0.025084 0.969472
0.002038 0.012975 0.984987
0.003062 0.011565 0.985374
0.000010 0.020473 0.979517
0.004815 0.094903 0.900281
0.002475 0.018425 0.979100
0.007413 0.056026 0.936561
0.002705 0.106579 0.890716
0.006114 0.096043 0.897844
0.002376 0.103070 0.894554
0.002961 0.171064 0.825975
0.005418 0.181271 0.813311
0.004265 0.029218 0.966517
0.006245 0.019852 0.973904
0.000010 0.090027 0.909963
0.007325 0.020791 0.971884
0.002890 0.034083 0.963027
0.005826 0.062280 0.931895
0.008612 0.016908 0.974480
0.000010 0.063886 0.936104
0.001605 0.018092 0.980303
0.000010 0.024528 0.975462
0.000010 0.010644 0.989346
0.000010 0.007965 0.992025
0.005429 0.024090 0.970481
0.000010 0.025710 0.974280
0.000010 0.019589 0.980401
0.002904 0.052151 0.944945
0.000010 0.005118 0.994872
0.008799 0.122587 0.868615
0.002027 0.040204 0.957769
0.007443 0.005373 0.987184
0.006871 0.089661 0.903468
0.008995 0.019120 0.971885
0.004929 0.037417 0.957653
0.000733 0.013808 0.985459
0.011989 0.116026 0.871984
0.001773 0.039493 0.958734
0.008207 0.053211 0.938582
0.015073 0.140328 0.844598
0.011231 0.130700 0.858069
0.004129 0.057553 0.938318
