AI16373	BW_CONTROLS	0.591726	0.000968	0.009321	0.032648	0.069640	0.295696
AI16389	BW_CONTROLS	0.659713	0.005374	0.001778	0.000010	0.167261	0.165864
AI16406	BW_CONTROLS	0.635093	0.000010	0.000010	0.000010	0.000010	0.364867
AI41194	BW_CONTROLS	0.626961	0.000010	0.000010	0.000010	0.000010	0.372999
AN75622	BW_CONTROLS	0.639534	0.000010	0.000010	0.000010	0.016399	0.344038
AN75666	BW_CONTROLS	0.619587	0.000010	0.000010	0.000010	0.000010	0.380373
APP5117332	Niger_Congo_Bantu	0.385634	0.000010	0.000010	0.003856	0.606723	0.003766
APP5117358	Niger_Congo_Bantu	0.401205	0.000010	0.009332	0.007362	0.579106	0.002983
APP5117366	Niger_Congo_Bantu	0.394323	0.000010	0.000010	0.000010	0.605637	0.000010
APP5117367	Niger_Congo_Bantu	0.406900	0.001980	0.000010	0.000010	0.591090	0.000010
APP5117393	Niger_Congo_Bantu	0.395918	0.003122	0.000010	0.026752	0.571974	0.002224
APP5117394	Niger_Congo_Bantu	0.337405	0.000010	0.005075	0.032159	0.621225	0.004126
APP5117398	Niger_Congo_Bantu	0.398429	0.000010	0.003360	0.007754	0.590437	0.000010
APP5117401	Niger_Congo_Bantu	0.412101	0.000019	0.001844	0.000010	0.582368	0.003658
APP5117425	Niger_Congo_Bantu	0.395340	0.000010	0.005935	0.014239	0.575851	0.008626
APP5117426	Niger_Congo_Bantu	0.394628	0.000010	0.000010	0.005208	0.598780	0.001363
APP5117545	Niger_Congo_Bantu	0.380581	0.000010	0.002728	0.005309	0.611362	0.000010
APP5117598	Niger_Congo_Bantu	0.392624	0.000010	0.001641	0.008750	0.596964	0.000010
APP5117623	Niger_Congo_Bantu	0.354068	0.001136	0.002276	0.010793	0.626787	0.004941
APP5117638	Niger_Congo_Bantu	0.395628	0.000010	0.000010	0.000010	0.602551	0.001790
APP5117654	Niger_Congo_Bantu	0.385744	0.000010	0.000688	0.016357	0.597191	0.000010
APP5117655	Niger_Congo_Bantu	0.412728	0.000010	0.000010	0.000010	0.587232	0.000010
APP5117676	Niger_Congo_Bantu	0.402867	0.000010	0.003048	0.004380	0.588723	0.000971
APP5117696	Niger_Congo_Bantu	0.363559	0.000010	0.004684	0.014389	0.617348	0.000010
APP5117706	Niger_Congo_Bantu	0.350279	0.000010	0.008176	0.017862	0.616044	0.007630
APP5117710	Niger_Congo_Bantu	0.393277	0.000010	0.000322	0.000010	0.606371	0.000010
APP5117723	Niger_Congo_Bantu	0.394637	0.000010	0.006568	0.021005	0.572921	0.004859
APP5117730	Niger_Congo_Bantu	0.380728	0.000010	0.002785	0.006138	0.610330	0.000010
APP5117760	Niger_Congo_Bantu	0.397543	0.000010	0.005597	0.001317	0.595523	0.000010
APP5117764	Niger_Congo_Bantu	0.379153	0.000010	0.003032	0.000010	0.612000	0.005795
APP5117830	Niger_Congo_Bantu	0.312413	0.000010	0.002166	0.072173	0.602164	0.011075
APP5117901	Niger_Congo_Bantu	0.421786	0.000010	0.005096	0.000010	0.568350	0.004748
APP5117905	Niger_Congo_Bantu	0.415106	0.000010	0.002244	0.001833	0.580798	0.000010
APP5117923	Niger_Congo_Bantu	0.337069	0.000010	0.006989	0.079424	0.563612	0.012897
APP5117988	Niger_Congo_Bantu	0.394066	0.000010	0.000010	0.004889	0.600256	0.000769
APP5117989	Niger_Congo_Bantu	0.401416	0.000010	0.007755	0.004496	0.581290	0.005033
APP5117992	Niger_Congo_Bantu	0.375528	0.000010	0.005400	0.004180	0.609262	0.005621
APP5118008	Niger_Congo_Bantu	0.409430	0.000010	0.000010	0.000010	0.589309	0.001231
APP5118015	Niger_Congo_Bantu	0.332656	0.000010	0.006317	0.051827	0.608147	0.001043
APP5118033	Niger_Congo_Bantu	0.388488	0.000010	0.000010	0.007013	0.602954	0.001525
APP5118034	Niger_Congo_Bantu	0.397989	0.000010	0.003335	0.000457	0.598182	0.000028
APP5118071	Niger_Congo_Bantu	0.412654	0.004827	0.000010	0.000010	0.572979	0.009520
APP5118072	Niger_Congo_Bantu	0.377639	0.000010	0.000010	0.001555	0.620775	0.000010
APP5118245	Niger_Congo_Bantu	0.401633	0.004723	0.000010	0.013122	0.580501	0.000010
APP5118263	Niger_Congo_Bantu	0.396102	0.000010	0.001335	0.011244	0.591299	0.000010
APP5118278	Niger_Congo_Bantu	0.354940	0.000010	0.007818	0.047968	0.568550	0.020714
APP5118293	Niger_Congo_Bantu	0.372091	0.000010	0.000010	0.018914	0.608965	0.000010
APP5118319	Niger_Congo_Bantu	0.380181	0.000010	0.007681	0.017990	0.594127	0.000010
APP5118345	Niger_Congo_Bantu	0.404940	0.000010	0.001264	0.009547	0.580204	0.004035
APP5118411	Niger_Congo_Bantu	0.433879	0.002741	0.000010	0.000010	0.563350	0.000010
APP5118419	Niger_Congo_Bantu	0.406716	0.000010	0.002812	0.000010	0.590442	0.000010
APP5118438	Niger_Congo_Bantu	0.390704	0.000010	0.002412	0.013522	0.591299	0.002053
APP5118443	Niger_Congo_Bantu	0.402046	0.000010	0.000010	0.017344	0.580580	0.000010
APP5118464	Niger_Congo_Bantu	0.370982	0.000010	0.001194	0.014217	0.612291	0.001306
APP5118469	Niger_Congo_Bantu	0.376319	0.000010	0.001725	0.017396	0.604540	0.000010
APP5118476	Niger_Congo_Bantu	0.404616	0.000010	0.000010	0.001280	0.594074	0.000010
APP5118495	Niger_Congo_Bantu	0.442750	0.000010	0.002830	0.011707	0.526879	0.015824
APP5118522	Niger_Congo_Bantu	0.398297	0.000010	0.010301	0.048952	0.513678	0.028762
APP5118532	Niger_Congo_Bantu	0.336771	0.008751	0.005612	0.051022	0.582213	0.015631
APP5118538	Niger_Congo_Bantu	0.361395	0.000010	0.005798	0.002001	0.630786	0.000010
APP5118604	Niger_Congo_Bantu	0.378706	0.000010	0.003152	0.024205	0.587120	0.006807
APP5118650	Niger_Congo_Bantu	0.405822	0.004399	0.000346	0.009975	0.565811	0.013647
APP5118667	Niger_Congo_Bantu	0.395705	0.000010	0.000017	0.000010	0.604248	0.000010
APP5118731	Niger_Congo_Bantu	0.365955	0.000010	0.000010	0.032358	0.601657	0.000010
APP5118752	Niger_Congo_Bantu	0.364497	0.000010	0.005298	0.012641	0.617544	0.000010
APP5118757	Niger_Congo_Bantu	0.377853	0.000010	0.002387	0.010071	0.609668	0.000010
APP5118760	Niger_Congo_Bantu	0.376341	0.000010	0.000010	0.001337	0.622293	0.000010
APP5118762	Niger_Congo_Bantu	0.357365	0.000010	0.007637	0.009862	0.625116	0.000010
APP5118770	Niger_Congo_Bantu	0.353932	0.000010	0.003543	0.036286	0.604867	0.001362
APP5118772	Niger_Congo_Bantu	0.372811	0.000010	0.002256	0.009413	0.615500	0.000010
APP5118780	Niger_Congo_Bantu	0.375404	0.000010	0.002530	0.008285	0.585807	0.027964
APP5118804	Niger_Congo_Bantu	0.384142	0.000010	0.008951	0.000010	0.602640	0.004247
APP5118829	Niger_Congo_Bantu	0.385960	0.001162	0.000433	0.031157	0.564746	0.016543
APP5118856	Niger_Congo_Bantu	0.409956	0.000010	0.001827	0.004030	0.572649	0.011528
APP5118861	Niger_Congo_Bantu	0.392131	0.000010	0.005563	0.003635	0.598651	0.000010
APP5118863	Niger_Congo_Bantu	0.365055	0.001673	0.006684	0.016497	0.598579	0.011511
APP5118871	Niger_Congo_Bantu	0.377738	0.000010	0.000010	0.010734	0.611498	0.000010
APP5118872	Niger_Congo_Bantu	0.383916	0.000010	0.005036	0.007451	0.601477	0.002109
APP5118878	Niger_Congo_Bantu	0.370930	0.000010	0.003496	0.001402	0.624151	0.000010
APP5118941	Niger_Congo_Bantu	0.358984	0.000010	0.008470	0.068574	0.532120	0.031842
APP5118944	Niger_Congo_Bantu	0.348433	0.000010	0.004043	0.065222	0.570606	0.011686
APP5118971	Niger_Congo_Bantu	0.389383	0.000010	0.003473	0.002913	0.603722	0.000500
APP5119000	Niger_Congo_Bantu	0.412056	0.000010	0.000010	0.000010	0.587904	0.000010
APP5119003	Niger_Congo_Bantu	0.334614	0.000010	0.000010	0.082045	0.569504	0.013816
APP5119011	Niger_Congo_Bantu	0.455672	0.000010	0.000294	0.001944	0.529815	0.012264
APP5119029	Niger_Congo_Bantu	0.390445	0.000010	0.003551	0.000010	0.604920	0.001063
APP5119089	Niger_Congo_Bantu	0.362708	0.000010	0.000010	0.022888	0.614374	0.000010
APP5119099	Niger_Congo_Bantu	0.371410	0.006729	0.000010	0.001621	0.612491	0.007739
APP5119106	Niger_Congo_Bantu	0.403244	0.000010	0.000010	0.000010	0.596716	0.000010
APP5119134	Niger_Congo_Bantu	0.408167	0.001289	0.000010	0.003507	0.581217	0.005810
APP5119138	Niger_Congo_Bantu	0.386931	0.000010	0.000010	0.006290	0.606749	0.000010
APP5119142	Niger_Congo_Bantu	0.383662	0.000010	0.000010	0.000010	0.606777	0.009531
APP5119166	Niger_Congo_Bantu	0.403356	0.000010	0.000010	0.010950	0.579847	0.005827
APP5119188	Niger_Congo_Bantu	0.384646	0.000010	0.000010	0.010675	0.590771	0.013888
APP5119199	Niger_Congo_Bantu	0.395545	0.000010	0.000010	0.000010	0.600481	0.003943
APP5119239	Niger_Congo_Bantu	0.367596	0.000010	0.000589	0.017828	0.601491	0.012486
APP5119241	Niger_Congo_Bantu	0.369063	0.000010	0.006560	0.023010	0.589447	0.011909
APP5119262	Niger_Congo_Bantu	0.415204	0.000010	0.002002	0.000646	0.582128	0.000010
APP5119287	Niger_Congo_Bantu	0.395719	0.000010	0.003476	0.001220	0.596840	0.002735
APP5119289	Niger_Congo_Bantu	0.386733	0.000010	0.000312	0.000010	0.610566	0.002369
APP5119354	Niger_Congo_Bantu	0.389144	0.000010	0.001194	0.000010	0.602099	0.007543
APP5119361	Niger_Congo_Bantu	0.365734	0.000010	0.000010	0.027671	0.606565	0.000010
APP5119403	Niger_Congo_Bantu	0.377180	0.004525	0.007520	0.065962	0.519604	0.025209
APP5119465	Niger_Congo_Bantu	0.374942	0.000010	0.004436	0.003184	0.612931	0.004497
APP5119514	Niger_Congo_Bantu	0.370856	0.000010	0.006774	0.045323	0.569452	0.007585
APP5139223	Niger_Congo_Bantu	0.379518	0.000010	0.000010	0.016902	0.599766	0.003793
AT31476	BW_CONTROLS	0.557443	0.000010	0.000010	0.000010	0.000010	0.442517
AT31509	BW_CONTROLS	0.641312	0.000010	0.000010	0.000010	0.000936	0.357722
AT31515	BW_CONTROLS	0.645486	0.000010	0.000010	0.000010	0.063866	0.290618
AT31543	BW_CONTROLS	0.609579	0.000010	0.000010	0.000010	0.000010	0.390381
AV10214	BW_CONTROLS	0.633566	0.000010	0.000010	0.000010	0.000010	0.366394
AV10220	BW_CONTROLS	0.660412	0.000010	0.000010	0.000010	0.025539	0.314019
AV10236	BW_CONTROLS	0.565513	0.000010	0.000010	0.000010	0.000010	0.434447
AV10242	BW_CONTROLS	0.493794	0.000010	0.000010	0.000010	0.000010	0.506166
AV10258	BW_CONTROLS	0.609514	0.000010	0.000010	0.000010	0.000010	0.390446
AV10264	BW_CONTROLS	0.655329	0.005720	0.000016	0.000010	0.103411	0.235513
AV10286	BW_CONTROLS	0.625256	0.000010	0.000010	0.000010	0.000010	0.374704
AV10292	BW_CONTROLS	0.658745	0.001160	0.000015	0.000010	0.034485	0.305585
AV10319	BW_CONTROLS	0.566211	0.000010	0.000010	0.000010	0.000010	0.433749
AV10436	BW_CONTROLS	0.624366	0.000010	0.000010	0.000010	0.000010	0.375594
AV17501	BW_CONTROLS	0.622535	0.000010	0.000010	0.000010	0.000010	0.377425
AV17517	BW_CONTROLS	0.621352	0.000010	0.000010	0.000010	0.000010	0.378608
AV17523	BW_CONTROLS	0.623990	0.000010	0.000012	0.000010	0.000010	0.375968
AV17539	BW_CONTROLS	0.594504	0.000010	0.000010	0.025318	0.000010	0.380149
AV17545	BW_CONTROLS	0.608874	0.000010	0.000010	0.000010	0.000010	0.391086
AV17551	BW_CONTROLS	0.593443	0.000010	0.000010	0.000010	0.000010	0.406517
AV17612	BW_CONTROLS	0.517020	0.007159	0.000871	0.155643	0.000010	0.319297
AV17628	BW_CONTROLS	0.573568	0.000010	0.000013	0.000010	0.000010	0.426389
AV19193	BW_CONTROLS	0.663583	0.000010	0.000010	0.000010	0.008870	0.327518
AV19232	BW_CONTROLS	0.629986	0.000010	0.000010	0.000010	0.000010	0.369974
AV19248	BW_CONTROLS	0.602568	0.000010	0.000010	0.000010	0.000010	0.397392
AV19260	BW_CONTROLS	0.642178	0.002441	0.001399	0.000010	0.000010	0.353963
AV19276	BW_CONTROLS	0.636101	0.000574	0.000010	0.005525	0.028290	0.329500
AV22287	BW_CONTROLS	0.638075	0.005093	0.005227	0.000010	0.064423	0.287171
AV22293	BW_CONTROLS	0.628145	0.000010	0.000010	0.000010	0.000010	0.371815
AV24885	BW_CONTROLS	0.600019	0.002434	0.001184	0.027691	0.000010	0.368662
AV24891	BW_CONTROLS	0.543003	0.088482	0.000823	0.034608	0.024562	0.308523
AV29013	BW_CONTROLS	0.689946	0.000314	0.000617	0.000010	0.014203	0.294911
AV29029	BW_CONTROLS	0.612900	0.000010	0.000010	0.000010	0.000010	0.387060
AV29041	BW_CONTROLS	0.548043	0.010114	0.000010	0.024003	0.105800	0.312030
AV30260	BW_CONTROLS	0.631054	0.000017	0.000010	0.000010	0.016056	0.352853
AV30282	BW_CONTROLS	0.621031	0.000010	0.000010	0.000010	0.000010	0.378929
AV30298	BW_CONTROLS	0.638384	0.000010	0.000010	0.000010	0.000010	0.361576
AV30315	BW_CONTROLS	0.637860	0.019979	0.000010	0.000010	0.100588	0.241552
AV30604	BW_CONTROLS	0.659141	0.000010	0.002569	0.000010	0.073041	0.265229
BH15039	BW_CONTROLS	0.641266	0.000010	0.000010	0.000010	0.000010	0.358694
BH15217	BW_CONTROLS	0.646244	0.000010	0.000010	0.000010	0.014485	0.339241
BM95627	BW_CONTROLS	0.594518	0.000010	0.000010	0.000010	0.014384	0.391068
BM95633	BW_CONTROLS	0.621277	0.000010	0.000010	0.000010	0.000010	0.378683
BM97136	BW_CONTROLS	0.630549	0.000010	0.000010	0.003737	0.000010	0.365683
BM97142	BW_CONTROLS	0.629322	0.000264	0.001054	0.001717	0.019588	0.348054
BN10714	BW_CASES	0.637857	0.000010	0.000010	0.000010	0.000010	0.362103
BN13994	BW_CONTROLS	0.585871	0.008187	0.000879	0.056553	0.051837	0.296673
BT31811	BW_CONTROLS	0.642663	0.009795	0.002758	0.000010	0.131708	0.213066
BT31827	BW_CONTROLS	0.603496	0.000010	0.000010	0.001344	0.067752	0.327388
BT36627	BW_CONTROLS	0.615568	0.000010	0.000010	0.000010	0.000010	0.384392
BT37982	BW_CONTROLS	0.553363	0.016660	0.000010	0.127820	0.053939	0.248208
BT38970	BW_CONTROLS	0.588907	0.000640	0.000010	0.093586	0.000010	0.316847
CG86499	BW_CONTROLS	0.659817	0.000010	0.000204	0.003475	0.000010	0.336484
CG86500	BW_CONTROLS	0.638582	0.000010	0.000010	0.000010	0.000010	0.361378
CG86516	BW_CONTROLS	0.649899	0.000010	0.000010	0.000010	0.000010	0.350061
CG87932	BW_CONTROLS	0.643624	0.000010	0.000010	0.000010	0.073414	0.282932
CG87948	BW_CONTROLS	0.682653	0.002222	0.000010	0.003211	0.138960	0.172945
CG89524	BW_CONTROLS	0.620705	0.013325	0.010296	0.015578	0.125363	0.214733
CG89530	BW_CONTROLS	0.626763	0.000010	0.000010	0.000010	0.000010	0.373197
CG91092	BW_CONTROLS	0.653398	0.000010	0.000010	0.000010	0.056761	0.289811
CG93678	BW_CONTROLS	0.209183	0.176677	0.034578	0.128686	0.000010	0.450866
CG93684	BW_CONTROLS	0.630319	0.000010	0.000010	0.000010	0.046580	0.323071
CG95432	BW_CONTROLS	0.638448	0.000010	0.000010	0.003942	0.007125	0.350465
CG95448	BW_CONTROLS	0.645998	0.000010	0.000010	0.000010	0.032308	0.321664
CG96781	BW_CONTROLS	0.639720	0.000010	0.000333	0.000010	0.024730	0.335197
CG97935	BW_CONTROLS	0.648317	0.000010	0.000010	0.000010	0.002669	0.348984
CG97941	BW_CONTROLS	0.651193	0.000010	0.000829	0.000010	0.029680	0.318278
CG97957	BW_CONTROLS	0.624556	0.000010	0.000010	0.000010	0.005292	0.370122
CG97979	BW_CONTROLS	0.659860	0.000010	0.006631	0.000010	0.078066	0.255424
CH01336	BW_CONTROLS	0.647598	0.000010	0.000010	0.000010	0.034692	0.317680
CH01564	BW_CONTROLS	0.681669	0.000010	0.003026	0.000010	0.005031	0.310253
CH01570	BW_CONTROLS	0.628842	0.000010	0.000010	0.000010	0.013180	0.357949
CH02885	BW_CONTROLS	0.646468	0.006148	0.000010	0.000010	0.072239	0.275125
CU58113	BW_CONTROLS	0.659029	0.000499	0.001084	0.004196	0.182030	0.153162
EGAN00001044421	Afro-Asiatic_Semitic	0.000010	0.060987	0.008771	0.480513	0.410327	0.039392
EGAN00001044423	Afro-Asiatic_Semitic	0.000010	0.052875	0.006984	0.463287	0.438410	0.038434
EGAN00001044424	Afro-Asiatic_Semitic	0.000010	0.040825	0.004629	0.480499	0.433812	0.040225
EGAN00001044425	Afro-Asiatic_Semitic	0.000010	0.068933	0.005242	0.464210	0.413858	0.047747
EGAN00001044426	Afro-Asiatic_Semitic	0.000010	0.052997	0.007670	0.492019	0.416663	0.030640
EGAN00001044427	Afro-Asiatic_Semitic	0.000010	0.037837	0.014291	0.476030	0.425435	0.046398
EGAN00001044428	Afro-Asiatic_Semitic	0.000010	0.060529	0.002141	0.451170	0.446313	0.039837
EGAN00001044429	Afro-Asiatic_Semitic	0.000010	0.051314	0.011088	0.479362	0.421287	0.036939
EGAN00001044430	Afro-Asiatic_Semitic	0.000010	0.052887	0.005197	0.483579	0.420992	0.037335
EGAN00001044431	Afro-Asiatic_Semitic	0.000010	0.042093	0.005872	0.502017	0.410370	0.039638
EGAN00001044432	Afro-Asiatic_Semitic	0.000010	0.060517	0.000010	0.469242	0.435595	0.034626
EGAN00001044433	Afro-Asiatic_Semitic	0.000010	0.045659	0.004966	0.475436	0.434688	0.039241
EGAN00001044434	Afro-Asiatic_Semitic	0.000010	0.053257	0.006093	0.484820	0.420510	0.035309
EGAN00001044435	Afro-Asiatic_Semitic	0.000010	0.040470	0.010218	0.502238	0.412973	0.034091
EGAN00001044436	Afro-Asiatic_Semitic	0.000010	0.048327	0.001968	0.500607	0.416907	0.032182
EGAN00001044437	Afro-Asiatic_Semitic	0.000010	0.050227	0.008566	0.495132	0.407881	0.038185
EGAN00001044438	Afro-Asiatic_Semitic	0.000010	0.057420	0.010857	0.443784	0.437833	0.050095
EGAN00001044439	Afro-Asiatic_Semitic	0.000010	0.035861	0.016268	0.489946	0.420199	0.037716
EGAN00001044440	Afro-Asiatic_Semitic	0.000010	0.057861	0.002912	0.485784	0.415159	0.038274
EGAN00001044441	Afro-Asiatic_Semitic	0.000010	0.047623	0.001376	0.507957	0.405453	0.037581
EGAN00001044442	Afro-Asiatic_Semitic	0.000010	0.057136	0.000010	0.502170	0.404828	0.035845
EGAN00001044443	Afro-Asiatic_Semitic	0.000010	0.052940	0.009423	0.454204	0.439735	0.043688
EGAN00001068937	Niger-Congo_Bantu_South	0.575045	0.000010	0.000138	0.000010	0.190244	0.234553
EGAN00001068938	Niger-Congo_Bantu_South	0.548237	0.000010	0.000010	0.002554	0.212775	0.236414
EGAN00001068943	Niger-Congo_Bantu_South	0.564472	0.000010	0.000010	0.001821	0.225904	0.207782
EGAN00001068947	Niger-Congo_Bantu_South	0.569645	0.000010	0.000520	0.000010	0.198749	0.231066
EGAN00001068950	Niger-Congo_Bantu_South	0.583221	0.000010	0.000010	0.000010	0.190823	0.225926
EGAN00001068954	Niger-Congo_Bantu_South	0.556923	0.000010	0.000010	0.000010	0.219796	0.223251
EGAN00001068957	Niger-Congo_Bantu_South	0.567846	0.000010	0.002197	0.001694	0.198135	0.230118
EGAN00001068959	Niger-Congo_Bantu_South	0.578940	0.002855	0.000010	0.000010	0.189566	0.228619
EGAN00001068962	Niger-Congo_Bantu_South	0.554467	0.000010	0.002902	0.000010	0.224920	0.217692
EGAN00001068963	Niger-Congo_Bantu_South	0.546660	0.000010	0.000010	0.001907	0.224924	0.226489
EGAN00001068964	Niger-Congo_Bantu_South	0.557635	0.002122	0.000010	0.000010	0.229011	0.211213
EGAN00001068965	Niger-Congo_Bantu_South	0.570100	0.000010	0.000010	0.000010	0.226342	0.203528
EGAN00001068966	Niger-Congo_Bantu_South	0.558648	0.000010	0.000010	0.000010	0.215700	0.225623
EGAN00001068967	Niger-Congo_Bantu_South	0.556899	0.000010	0.002910	0.000010	0.235798	0.204373
EGAN00001068968	Niger-Congo_Bantu_South	0.564064	0.000010	0.000010	0.000010	0.205536	0.230370
EGAN00001068969	Niger-Congo_Bantu_South	0.569192	0.000010	0.000010	0.000010	0.203799	0.226979
EGAN00001068970	Niger-Congo_Bantu_South	0.561267	0.000010	0.000010	0.000010	0.219391	0.219311
EGAN00001068971	Niger-Congo_Bantu_South	0.585072	0.000010	0.000322	0.000010	0.178372	0.236214
EGAN00001068972	Niger-Congo_Bantu_South	0.585399	0.000010	0.000010	0.000010	0.193776	0.220795
EGAN00001068973	Niger-Congo_Bantu_South	0.572811	0.000010	0.004845	0.000010	0.214710	0.207614
EGAN00001068974	Niger-Congo_Bantu_South	0.566640	0.000010	0.000010	0.000010	0.208954	0.224376
EGAN00001068975	Niger-Congo_Bantu_South	0.607311	0.000010	0.000010	0.000010	0.218677	0.173982
EGAN00001069124	Niger-Congo_Bantu_South	0.554379	0.000010	0.000010	0.000010	0.239589	0.206001
EGAN00001069125	Niger-Congo_Bantu_South	0.546662	0.000010	0.000010	0.000010	0.223458	0.229850
EGAN00001069126	Niger-Congo_Bantu_South	0.560753	0.000010	0.000010	0.003742	0.220252	0.215233
EGAN00001069127	Niger-Congo_Bantu_South	0.553173	0.000010	0.004838	0.001172	0.220229	0.220577
EGAN00001069128	Niger-Congo_Bantu_South	0.570626	0.000576	0.000377	0.001183	0.201440	0.225798
EGAN00001069129	Niger-Congo_Bantu_South	0.560535	0.000016	0.000010	0.002993	0.216483	0.219962
EGAN00001069130	Niger-Congo_Bantu_South	0.563836	0.000010	0.003555	0.000269	0.218365	0.213965
EGAN00001069131	Niger-Congo_Bantu_South	0.555776	0.000010	0.000010	0.000010	0.209766	0.234428
EGAN00001069132	Niger-Congo_Bantu_South	0.545863	0.000010	0.000010	0.000010	0.220325	0.233782
EGAN00001069133	Niger-Congo_Bantu_South	0.558120	0.000010	0.000010	0.000010	0.201455	0.240395
EGAN00001069134	Niger-Congo_Bantu_South	0.567205	0.000010	0.001324	0.000010	0.211455	0.219996
EGAN00001069135	Niger-Congo_Bantu_South	0.568418	0.000010	0.004446	0.000010	0.222638	0.204478
EGAN00001069136	Niger-Congo_Bantu_South	0.556904	0.000010	0.002723	0.007225	0.209286	0.223853
EGAN00001069137	Niger-Congo_Bantu_South	0.552688	0.000010	0.000010	0.005735	0.199613	0.241944
EGAN00001069138	Niger-Congo_Bantu_South	0.553552	0.000010	0.000010	0.000832	0.221190	0.224407
EGAN00001069139	Niger-Congo_Bantu_South	0.544564	0.000010	0.000010	0.000010	0.247875	0.207531
EGAN00001069140	Niger-Congo_Bantu_South	0.562300	0.000010	0.000016	0.000010	0.225400	0.212264
EGAN00001069141	Niger-Congo_Bantu_South	0.442006	0.000010	0.000010	0.165284	0.193494	0.199196
EGAN00001069142	Niger-Congo_Bantu_South	0.549082	0.000010	0.000010	0.000010	0.206177	0.244711
EGAN00001069143	Niger-Congo_Bantu_South	0.569650	0.000010	0.000010	0.000010	0.212943	0.217377
EGAN00001069144	Niger-Congo_Bantu_South	0.567195	0.000010	0.000010	0.000010	0.220353	0.212423
EGAN00001069145	Niger-Congo_Bantu_South	0.584302	0.000010	0.001506	0.000010	0.221258	0.192914
EGAN00001069146	Niger-Congo_Bantu_South	0.557119	0.000010	0.002062	0.001466	0.222048	0.217295
EGAN00001069147	Niger-Congo_Bantu_South	0.554601	0.000010	0.000011	0.000010	0.213796	0.231573
EGAN00001069148	Niger-Congo_Bantu_South	0.555600	0.000010	0.002896	0.000010	0.224023	0.217462
EGAN00001069149	Niger-Congo_Bantu_South	0.558398	0.000010	0.001438	0.002729	0.221295	0.216130
EGAN00001069150	Niger-Congo_Bantu_South	0.557163	0.000010	0.001113	0.001470	0.219246	0.220998
EGAN00001069151	Niger-Congo_Bantu_South	0.554472	0.000010	0.004176	0.002162	0.213463	0.225718
EGAN00001069152	Niger-Congo_Bantu_South	0.539260	0.000010	0.000010	0.015643	0.196881	0.248196
EGAN00001069153	Niger-Congo_Bantu_South	0.570529	0.000010	0.000014	0.000010	0.193236	0.236201
EGAN00001069154	Niger-Congo_Bantu_South	0.552290	0.000016	0.000010	0.001496	0.212701	0.233486
EGAN00001069155	Niger-Congo_Bantu_South	0.553613	0.000010	0.000010	0.000010	0.222797	0.223559
EGAN00001069156	Niger-Congo_Bantu_South	0.560376	0.000010	0.000010	0.005317	0.212365	0.221922
EGAN00001069157	Niger-Congo_Bantu_South	0.526696	0.000010	0.000010	0.000010	0.230251	0.243023
EGAN00001069158	Niger-Congo_Bantu_South	0.559659	0.000010	0.000010	0.000010	0.202702	0.237609
EGAN00001069159	Niger-Congo_Bantu_South	0.539372	0.000010	0.000010	0.000010	0.229936	0.230662
EGAN00001069160	Niger-Congo_Bantu_South	0.564440	0.000010	0.000010	0.001211	0.226407	0.207922
EGAN00001069161	Niger-Congo_Bantu_South	0.544044	0.000010	0.004663	0.007325	0.228880	0.215077
EGAN00001069162	Niger-Congo_Bantu_South	0.575776	0.000010	0.002316	0.001080	0.225251	0.195566
EGAN00001069163	Niger-Congo_Bantu_South	0.568472	0.000010	0.001563	0.000170	0.229440	0.200345
EGAN00001069164	Niger-Congo_Bantu_South	0.562290	0.006931	0.000062	0.003684	0.214554	0.212479
EGAN00001069165	Niger-Congo_Bantu_South	0.570952	0.000532	0.000010	0.000010	0.213249	0.215248
EGAN00001069166	Niger-Congo_Bantu_South	0.561199	0.000010	0.000018	0.000010	0.213551	0.225212
EGAN00001069168	Niger-Congo_Bantu_South	0.560880	0.000010	0.000010	0.000010	0.198149	0.240942
EGAN00001069169	Niger-Congo_Bantu_South	0.580428	0.000010	0.000010	0.000010	0.197795	0.221747
EGAN00001069170	Niger-Congo_Bantu_South	0.554912	0.000010	0.000010	0.000010	0.214797	0.230261
EGAN00001069171	Niger-Congo_Bantu_South	0.548906	0.000010	0.001783	0.000010	0.231581	0.217709
EGAN00001069172	Niger-Congo_Bantu_South	0.551896	0.000010	0.000010	0.007183	0.215428	0.225472
EGAN00001069173	Niger-Congo_Bantu_South	0.589948	0.000010	0.001274	0.002296	0.202131	0.204341
EGAN00001069174	Niger-Congo_Bantu_South	0.534688	0.000010	0.000010	0.005032	0.214762	0.245498
EGAN00001069175	Niger-Congo_Bantu_South	0.538346	0.000010	0.002159	0.000010	0.228995	0.230480
EGAN00001069176	Niger-Congo_Bantu_South	0.547315	0.000010	0.001884	0.005920	0.217091	0.227781
EGAN00001069177	Niger-Congo_Bantu_South	0.542605	0.000010	0.001245	0.005547	0.226097	0.224497
EGAN00001069178	Niger-Congo_Bantu_South	0.556130	0.000010	0.001028	0.000010	0.239935	0.202887
EGAN00001069179	Niger-Congo_Bantu_South	0.545405	0.000010	0.000010	0.010838	0.207992	0.235746
EGAN00001069180	Niger-Congo_Bantu_South	0.560012	0.000010	0.000010	0.000722	0.223849	0.215398
EGAN00001069181	Niger-Congo_Bantu_South	0.569478	0.000010	0.000396	0.000010	0.226474	0.203632
EGAN00001069182	Niger-Congo_Bantu_South	0.559891	0.000010	0.000010	0.000010	0.232557	0.207522
EGAN00001069183	Niger-Congo_Bantu_South	0.557766	0.000010	0.003062	0.000010	0.217010	0.222141
EGAN00001069184	Niger-Congo_Bantu_South	0.588877	0.000010	0.004142	0.000010	0.233306	0.173655
EGAN00001069185	Niger-Congo_Bantu_South	0.538886	0.000010	0.002274	0.002140	0.213598	0.243093
EGAN00001069186	Niger-Congo_Bantu_South	0.556387	0.000010	0.000010	0.000010	0.224426	0.219157
EGAN00001069187	Niger-Congo_Bantu_South	0.554342	0.001214	0.001492	0.000043	0.217774	0.225135
EGAN00001069188	Niger-Congo_Bantu_South	0.553071	0.000010	0.005018	0.002588	0.213753	0.225559
EGAN00001069189	Niger-Congo_Bantu_South	0.502969	0.000010	0.019954	0.031731	0.192299	0.253037
EGAN00001069190	Niger-Congo_Bantu_South	0.555414	0.000010	0.000932	0.002454	0.216215	0.224974
EGAN00001069193	Niger-Congo_Bantu_South	0.554286	0.000010	0.008615	0.001716	0.209888	0.225485
EGAN00001069194	Niger-Congo_Bantu_South	0.574298	0.000010	0.000632	0.000010	0.201374	0.223676
EGAN00001069195	Niger-Congo_Bantu_South	0.545485	0.000010	0.000010	0.000010	0.235852	0.218633
EGAN00001069196	Niger-Congo_Bantu_South	0.561968	0.000010	0.006228	0.000010	0.219303	0.212481
EGAN00001069197	Niger-Congo_Bantu_South	0.556817	0.000010	0.001474	0.000203	0.229604	0.211893
EGAN00001069198	Niger-Congo_Bantu_South	0.559609	0.000010	0.000010	0.000737	0.206100	0.233534
EGAN00001069199	Niger-Congo_Bantu_South	0.545890	0.000010	0.002552	0.004060	0.218517	0.228972
EGAN00001069200	Niger-Congo_Bantu_South	0.566048	0.000010	0.001208	0.002007	0.223723	0.207003
EGAN00001069201	Niger-Congo_Bantu_South	0.545530	0.000010	0.001997	0.000010	0.222690	0.229763
EGAN00001069202	Niger-Congo_Bantu_South	0.565705	0.000010	0.000407	0.003178	0.220253	0.210448
EGAN00001071672	Afro-Asiatic_Cushitic	0.000010	0.054665	0.010783	0.436661	0.445042	0.052839
EGAN00001071678	Afro-Asiatic_Cushitic	0.000010	0.046350	0.000866	0.471330	0.431432	0.050013
EGAN00001071679	Afro-Asiatic_Cushitic	0.000010	0.064235	0.001281	0.448354	0.445334	0.040787
EGAN00001071689	Afro-Asiatic_Cushitic	0.000010	0.058531	0.006408	0.450782	0.433259	0.051009
EGAN00001071690	Afro-Asiatic_Cushitic	0.000010	0.048995	0.006831	0.443647	0.447738	0.052779
EGAN00001071702	Afro-Asiatic_Cushitic	0.000010	0.044691	0.000010	0.455226	0.456349	0.043715
EGAN00001071703	Afro-Asiatic_Cushitic	0.000010	0.059708	0.008110	0.455038	0.442763	0.034371
EGAN00001071705	Afro-Asiatic_Cushitic	0.000010	0.034073	0.012673	0.389101	0.525121	0.039021
EGAN00001071714	Afro-Asiatic_Cushitic	0.000010	0.063933	0.005740	0.446868	0.441300	0.042148
EGAN00001071715	Afro-Asiatic_Cushitic	0.000010	0.031484	0.011538	0.452394	0.459008	0.045567
EGAN00001071717	Afro-Asiatic_Cushitic	0.002466	0.024365	0.007472	0.382443	0.542317	0.040937
EGAN00001071721	Afro-Asiatic_Cushitic	0.000010	0.054236	0.002708	0.450071	0.445276	0.047699
EGAN00001071722	Afro-Asiatic_Cushitic	0.000010	0.053118	0.009417	0.434378	0.450010	0.053067
EGAN00001071723	Afro-Asiatic_Cushitic	0.000010	0.046819	0.010334	0.445781	0.448793	0.048263
EGAN00001071735	Afro-Asiatic_Cushitic	0.000010	0.044723	0.017735	0.438679	0.443650	0.055203
EGAN00001071736	Afro-Asiatic_Cushitic	0.000010	0.048271	0.019541	0.423793	0.458453	0.049931
EGAN00001071737	Afro-Asiatic_Cushitic	0.018370	0.042774	0.009219	0.376273	0.514232	0.039132
EGAN00001071746	Afro-Asiatic_Cushitic	0.000010	0.051038	0.006787	0.458647	0.439509	0.044008
EGAN00001071747	Afro-Asiatic_Cushitic	0.025832	0.057053	0.006624	0.358522	0.489705	0.062263
EGAN00001071752	Afro-Asiatic_Cushitic	0.001601	0.019870	0.016884	0.399049	0.534083	0.028513
EGAN00001071759	Afro-Asiatic_Cushitic	0.000010	0.063181	0.006920	0.423029	0.453376	0.053485
EGAN00001071760	Afro-Asiatic_Cushitic	0.009087	0.040059	0.008594	0.392331	0.482829	0.067100
EGAN00001071762	Afro-Asiatic_Cushitic	0.004750	0.006540	0.022218	0.397704	0.536470	0.032319
EGAN00001071768	Afro-Asiatic_Cushitic	0.000010	0.067094	0.000454	0.466878	0.421548	0.044016
EGAN00001071770	Afro-Asiatic_Cushitic	0.000010	0.053351	0.003910	0.485933	0.418675	0.038121
EGAN00001071771	Afro-Asiatic_Cushitic	0.041749	0.044222	0.013451	0.450411	0.416862	0.033305
EGAN00001071772	Afro-Asiatic_Cushitic	0.000010	0.032705	0.013380	0.388267	0.538031	0.027607
EGAN00001071778	Afro-Asiatic_Cushitic	0.000010	0.062526	0.009127	0.415021	0.463885	0.049431
EGAN00001071782	Afro-Asiatic_Cushitic	0.000010	0.041815	0.007906	0.374924	0.531239	0.044105
EGAN00001071784	Afro-Asiatic_Cushitic	0.000765	0.035908	0.003756	0.389413	0.531079	0.039078
EGAN00001071792	Afro-Asiatic_Cushitic	0.000010	0.055199	0.009746	0.449229	0.435281	0.050534
EGAN00001071794	Afro-Asiatic_Cushitic	0.025723	0.042222	0.005595	0.380558	0.511426	0.034476
EGAN00001071795	Afro-Asiatic_Cushitic	0.006550	0.044302	0.002909	0.375892	0.535338	0.035010
EGAN00001071805	Afro-Asiatic_Cushitic	0.000010	0.052373	0.003862	0.467608	0.427960	0.048186
EGAN00001071806	Afro-Asiatic_Cushitic	0.000010	0.053872	0.004693	0.492139	0.411923	0.037362
EGAN00001071807	Afro-Asiatic_Cushitic	0.006305	0.032117	0.015618	0.375356	0.535151	0.035454
EGAN00001071808	Afro-Asiatic_Cushitic	0.051088	0.048191	0.008059	0.364541	0.488907	0.039214
EGAN00001071816	Afro-Asiatic_Cushitic	0.003033	0.032949	0.004761	0.369409	0.548586	0.041262
EGAN00001071818	Afro-Asiatic_Cushitic	0.075113	0.026237	0.017121	0.336647	0.503167	0.041717
EGAN00001071819	Afro-Asiatic_Cushitic	0.021373	0.042004	0.008411	0.366017	0.529623	0.032572
EGAN00001071820	Afro-Asiatic_Cushitic	0.017515	0.049440	0.006135	0.361967	0.524394	0.040549
EGAN00001071821	Afro-Asiatic_Cushitic	0.002873	0.033206	0.009892	0.370261	0.540512	0.043256
EGAN00001071822	Afro-Asiatic_Cushitic	0.000010	0.016680	0.014243	0.395360	0.534414	0.039294
EGAN00001071823	Afro-Asiatic_Cushitic	0.000010	0.029916	0.007238	0.395070	0.527669	0.040097
EGAN00001071824	Afro-Asiatic_Cushitic	0.001181	0.022815	0.018057	0.370477	0.539800	0.047671
EGAN00001071825	Afro-Asiatic_Cushitic	0.005222	0.031837	0.013378	0.373285	0.543555	0.032723
EGAN00001071826	Afro-Asiatic_Cushitic	0.007709	0.042877	0.012628	0.353984	0.548820	0.033982
EGAN00001071827	Afro-Asiatic_Omotic	0.000010	0.056688	0.014765	0.368991	0.486097	0.073449
EGAN00001071828	Afro-Asiatic_Omotic	0.006188	0.048847	0.019503	0.358008	0.496273	0.071182
EGAN00001071829	Afro-Asiatic_Omotic	0.000010	0.064400	0.009694	0.365367	0.480481	0.080047
EGAN00001071830	Afro-Asiatic_Omotic	0.011607	0.080668	0.014439	0.313197	0.493805	0.086284
EGAN00001071831	Afro-Asiatic_Omotic	0.002233	0.054330	0.018768	0.319384	0.497947	0.107337
EGAN00001071832	Afro-Asiatic_Omotic	0.004686	0.040952	0.017311	0.394914	0.478112	0.064026
EGAN00001071833	Afro-Asiatic_Omotic	0.003504	0.045090	0.019180	0.379728	0.485731	0.066767
EGAN00001071834	Afro-Asiatic_Omotic	0.014373	0.058594	0.019351	0.302592	0.512199	0.092892
EGAN00001071835	Afro-Asiatic_Omotic	0.000010	0.060689	0.002090	0.405995	0.466948	0.064269
EGAN00001071836	Afro-Asiatic_Omotic	0.000010	0.046309	0.007252	0.374985	0.497510	0.073934
EGAN00001071837	Afro-Asiatic_Omotic	0.000010	0.061898	0.007200	0.395754	0.471206	0.063932
EGAN00001071838	Afro-Asiatic_Omotic	0.010225	0.066909	0.016965	0.328962	0.485226	0.091712
EGAN00001071839	Afro-Asiatic_Omotic	0.009127	0.048646	0.016987	0.336667	0.502650	0.085923
EGAN00001071840	Afro-Asiatic_Omotic	0.000289	0.044343	0.012741	0.393228	0.487658	0.061741
EGAN00001071841	Afro-Asiatic_Omotic	0.009572	0.060829	0.004329	0.365486	0.485934	0.073850
EGAN00001071842	Afro-Asiatic_Omotic	0.000447	0.059129	0.015993	0.374804	0.473776	0.075851
EGAN00001071843	Afro-Asiatic_Omotic	0.010554	0.058235	0.010251	0.382771	0.472869	0.065321
EGAN00001071844	Afro-Asiatic_Omotic	0.000010	0.053428	0.003265	0.415918	0.471675	0.055704
EGAN00001071845	Afro-Asiatic_Omotic	0.000010	0.061116	0.004642	0.356445	0.497746	0.080041
EGAN00001071846	Afro-Asiatic_Omotic	0.010060	0.067044	0.011132	0.339370	0.486003	0.086391
EGAN00001071847	Afro-Asiatic_Omotic	0.000010	0.057343	0.006781	0.378939	0.486638	0.070288
EGAN00001071848	Afro-Asiatic_Omotic	0.009405	0.067464	0.013943	0.300187	0.502111	0.106890
EGAN00001071849	Afro-Asiatic_Omotic	0.008104	0.055840	0.013647	0.370577	0.475573	0.076259
EGAN00001071850	Afro-Asiatic_Omotic	0.005187	0.056750	0.017118	0.362174	0.476733	0.082038
EGAN00001101667	Afro-Asiatic	0.000010	0.062250	0.000010	0.760790	0.152638	0.024302
EGAN00001101668	Afro-Asiatic	0.000010	0.051527	0.000010	0.759688	0.156459	0.032306
EGAN00001101669	Afro-Asiatic	0.000010	0.065761	0.000010	0.747810	0.161422	0.024987
EGAN00001101670	Afro-Asiatic	0.003830	0.063533	0.000010	0.722688	0.182331	0.027608
EGAN00001101671	Afro-Asiatic	0.000010	0.063187	0.000010	0.732113	0.177941	0.026739
EGAN00001101672	Afro-Asiatic	0.000010	0.060170	0.000010	0.803093	0.118120	0.018597
EGAN00001101676	Afro-Asiatic	0.001688	0.054500	0.000010	0.743671	0.179505	0.020626
EGAN00001101677	Afro-Asiatic	0.000010	0.063790	0.000010	0.755617	0.153937	0.026637
EGAN00001101678	Afro-Asiatic	0.002798	0.053828	0.000010	0.760018	0.157427	0.025920
EGAN00001101679	Afro-Asiatic	0.000010	0.061253	0.000010	0.727057	0.184360	0.027310
EGAN00001101680	Afro-Asiatic	0.005417	0.060432	0.000010	0.756231	0.151185	0.026726
EGAN00001101681	Afro-Asiatic	0.000010	0.059877	0.000010	0.737657	0.177479	0.024967
EGAN00001101682	Afro-Asiatic	0.000010	0.058657	0.000010	0.742209	0.173074	0.026040
EGAN00001101687	Afro-Asiatic	0.000010	0.082695	0.000010	0.791580	0.124706	0.000999
EGAN00001101688	Afro-Asiatic	0.000010	0.070916	0.000010	0.750104	0.149797	0.029163
EGAN00001101689	Afro-Asiatic	0.000010	0.066836	0.000010	0.745911	0.158164	0.029068
EGAN00001101690	Afro-Asiatic	0.013608	0.039206	0.000010	0.748220	0.171911	0.027045
EGAN00001101692	Afro-Asiatic	0.000010	0.070527	0.000010	0.740510	0.162420	0.026523
EGAN00001101694	Afro-Asiatic	0.001242	0.060404	0.000010	0.742863	0.171318	0.024163
EGAN00001101699	Afro-Asiatic	0.000010	0.047084	0.000010	0.750085	0.170759	0.032052
EGAN00001101700	Afro-Asiatic	0.000010	0.063020	0.000010	0.750896	0.159610	0.026454
EGAN00001101702	Afro-Asiatic	0.004938	0.083635	0.000010	0.730203	0.176457	0.004756
EGAN00001101705	Afro-Asiatic	0.000010	0.053312	0.000010	0.789817	0.132871	0.023980
EGAN00001101706	Afro-Asiatic	0.017205	0.049070	0.000010	0.710926	0.196899	0.025890
EGAN00001101711	Afro-Asiatic	0.000010	0.052363	0.000010	0.737407	0.179861	0.030349
EGAN00001101712	Afro-Asiatic	0.000010	0.057679	0.000010	0.769473	0.149823	0.023004
EGAN00001101713	Afro-Asiatic	0.000010	0.061244	0.000010	0.762354	0.150396	0.025985
EGAN00001101716	Afro-Asiatic	0.000010	0.069281	0.000010	0.751692	0.149877	0.029131
EGAN00001101717	Afro-Asiatic	0.004269	0.076950	0.000010	0.714649	0.175736	0.028386
EGAN00001101718	Afro-Asiatic	0.000010	0.065097	0.000010	0.738487	0.169145	0.027250
EGAN00001101719	Afro-Asiatic	0.000010	0.063568	0.000010	0.766497	0.143982	0.025932
EGAN00001101723	Afro-Asiatic	0.000010	0.054117	0.000010	0.772475	0.146427	0.026961
EGAN00001101724	Afro-Asiatic	0.000010	0.063993	0.000010	0.714606	0.192375	0.029006
EGAN00001101725	Afro-Asiatic	0.015920	0.087558	0.000010	0.699167	0.191615	0.005730
EGAN00001101732	Afro-Asiatic	0.005144	0.082545	0.000010	0.728227	0.161819	0.022254
EGAN00001101734	Afro-Asiatic	0.000010	0.044235	0.000010	0.724959	0.200080	0.030706
EGAN00001101735	Afro-Asiatic	0.000010	0.070235	0.000010	0.753191	0.151277	0.025277
EGAN00001101736	Afro-Asiatic	0.000010	0.057376	0.000010	0.717074	0.194942	0.030588
EGAN00001101737	Afro-Asiatic	0.000010	0.063517	0.000010	0.747938	0.157551	0.030974
EGAN00001101739	Afro-Asiatic	0.000010	0.061158	0.000010	0.767143	0.149101	0.022578
EGAN00001101742	Afro-Asiatic	0.000010	0.063657	0.000010	0.764885	0.149382	0.022055
EGAN00001101744	Afro-Asiatic	0.000010	0.048614	0.000010	0.773857	0.153683	0.023825
EGAN00001101748	Afro-Asiatic	0.000010	0.063961	0.000010	0.746585	0.161913	0.027520
EGAN00001101749	Afro-Asiatic	0.001336	0.057872	0.000010	0.747016	0.167697	0.026069
EGAN00001101750	Afro-Asiatic	0.000010	0.053734	0.000010	0.763606	0.157830	0.024810
EGAN00001101751	Afro-Asiatic	0.004031	0.053611	0.000010	0.607579	0.302063	0.032706
EGAN00001101752	Afro-Asiatic	0.000010	0.051346	0.000010	0.788494	0.138597	0.021543
EGAN00001101753	Afro-Asiatic	0.000010	0.705018	0.015310	0.270749	0.000010	0.008904
EGAN00001101754	Afro-Asiatic	0.000010	0.078240	0.000010	0.737678	0.157329	0.026733
EGAN00001101755	Afro-Asiatic	0.000937	0.053229	0.000010	0.753382	0.165802	0.026641
EGAN00001101756	Afro-Asiatic	0.000010	0.046750	0.000010	0.761841	0.165868	0.025520
EGAN00001101758	Afro-Asiatic	0.000010	0.054169	0.000010	0.737092	0.177300	0.031419
EGAN00001101759	Afro-Asiatic	0.000010	0.072978	0.000010	0.748063	0.152921	0.026019
EGAN00001101761	Afro-Asiatic	0.000010	0.054096	0.000010	0.768621	0.155261	0.022001
EGAN00001101767	Afro-Asiatic	0.000010	0.062591	0.000010	0.772443	0.145956	0.018990
EGAN00001101768	Afro-Asiatic	0.013852	0.045780	0.000010	0.729351	0.185002	0.026005
EGAN00001101769	Afro-Asiatic	0.009691	0.072487	0.000010	0.748172	0.148272	0.021367
EGAN00001101771	Afro-Asiatic	0.000010	0.059614	0.000010	0.741694	0.169960	0.028711
EGAN00001101772	Afro-Asiatic	0.000010	0.058435	0.000010	0.755901	0.162354	0.023290
EGAN00001101774	Afro-Asiatic	0.000010	0.043653	0.000010	0.776049	0.157340	0.022938
EGAN00001101776	Afro-Asiatic	0.000010	0.101232	0.000010	0.871157	0.017332	0.010259
EGAN00001101780	Afro-Asiatic	0.000010	0.062118	0.000010	0.765558	0.147183	0.025120
EGAN00001101781	Afro-Asiatic	0.009243	0.051023	0.000010	0.743797	0.164093	0.031834
EGAN00001101782	Afro-Asiatic	0.000010	0.062125	0.000010	0.755069	0.156149	0.026637
EGAN00001101783	Afro-Asiatic	0.000010	0.056404	0.000010	0.807294	0.119885	0.016396
EGAN00001101784	Afro-Asiatic	0.000014	0.059833	0.000010	0.763046	0.149427	0.027670
EGAN00001101786	Afro-Asiatic	0.000010	0.044689	0.000010	0.717093	0.213856	0.024342
EGAN00001101787	Afro-Asiatic	0.000010	0.053589	0.000010	0.754384	0.168165	0.023843
EGAN00001101788	Afro-Asiatic	0.002236	0.078028	0.000010	0.748245	0.145193	0.026287
EGAN00001101791	Afro-Asiatic	0.000010	0.057519	0.000010	0.750386	0.162901	0.029174
EGAN00001101792	Afro-Asiatic	0.000545	0.062597	0.000010	0.740257	0.173437	0.023154
EGAN00001101793	Afro-Asiatic	0.048225	0.055147	0.000010	0.629661	0.234199	0.032758
EGAN00001101794	Afro-Asiatic	0.000010	0.066000	0.000010	0.774018	0.133879	0.026083
EGAN00001101796	Afro-Asiatic	0.000010	0.104153	0.000010	0.859940	0.022540	0.013348
EGAN00001101798	Afro-Asiatic	0.000014	0.048663	0.000010	0.755314	0.176485	0.019515
EGAN00001101799	Afro-Asiatic	0.000010	0.059770	0.000010	0.744893	0.171474	0.023843
EGAN00001101801	Afro-Asiatic	0.000010	0.057923	0.000010	0.812065	0.112676	0.017316
EGAN00001101802	Afro-Asiatic	0.000010	0.052404	0.000010	0.765013	0.158816	0.023746
EGAN00001101803	Afro-Asiatic	0.018844	0.049158	0.000010	0.709843	0.194159	0.027986
EGAN00001101804	Afro-Asiatic	0.001223	0.068932	0.000010	0.741830	0.159339	0.028666
EGAN00001101807	Afro-Asiatic	0.000010	0.053096	0.000010	0.718008	0.202854	0.026023
EGAN00001101808	Afro-Asiatic	0.001877	0.054794	0.000010	0.751427	0.168492	0.023400
EGAN00001101809	Afro-Asiatic	0.001337	0.066398	0.000010	0.747911	0.159182	0.025162
EGAN00001101813	Afro-Asiatic	0.012562	0.052458	0.000010	0.704879	0.198465	0.031626
EGAN00001101814	Afro-Asiatic	0.000010	0.082813	0.000010	0.735611	0.156688	0.024868
EGAN00001101816	Afro-Asiatic	0.000010	0.059567	0.000010	0.734254	0.174168	0.031991
EGAN00001101819	Afro-Asiatic	0.000010	0.060873	0.000010	0.792703	0.122584	0.023819
EGAN00001101820	Afro-Asiatic	0.000017	0.044936	0.000010	0.760629	0.168747	0.025660
EGAN00001101823	Afro-Asiatic	0.000010	0.054113	0.000010	0.749322	0.166517	0.030028
EGAN00001101824	Afro-Asiatic	0.000010	0.060274	0.000010	0.750980	0.162016	0.026710
EGAN00001101825	Afro-Asiatic	0.000010	0.059049	0.000010	0.772699	0.137905	0.030328
EGAN00001101827	Afro-Asiatic	0.000126	0.061130	0.000010	0.727784	0.181444	0.029506
EGAN00001101829	Afro-Asiatic	0.000010	0.047451	0.000010	0.764004	0.165041	0.023484
EGAN00001101830	Afro-Asiatic	0.002224	0.054974	0.000010	0.750009	0.166186	0.026597
EGAN00001101831	Afro-Asiatic	0.005060	0.060964	0.000010	0.726329	0.181733	0.025905
EGAN00001101835	Afro-Asiatic	0.000010	0.053319	0.000010	0.764877	0.159000	0.022783
EGAN00001101839	Afro-Asiatic	0.000011	0.056959	0.000010	0.699340	0.211298	0.032382
