0.008852 0.068814 0.294394 0.033791 0.594149
0.005328 0.166344 0.164705 0.000010 0.663613
0.000010 0.000010 0.362854 0.000010 0.637116
0.000010 0.000010 0.370974 0.000010 0.628996
0.000010 0.015903 0.342415 0.000010 0.641662
0.000010 0.000010 0.378437 0.000010 0.621533
0.000010 0.599150 0.003817 0.002454 0.394568
0.008210 0.572015 0.003130 0.006882 0.409764
0.000010 0.596378 0.000010 0.000010 0.403592
0.000010 0.584162 0.000010 0.000010 0.415808
0.000010 0.564887 0.002281 0.028839 0.403983
0.003747 0.614662 0.004510 0.030849 0.346233
0.002268 0.583837 0.000010 0.006555 0.407331
0.000700 0.574680 0.003688 0.000010 0.420923
0.004790 0.568855 0.008650 0.014152 0.403552
0.000010 0.591226 0.001445 0.003913 0.403406
0.001582 0.605258 0.000010 0.003792 0.389357
0.000941 0.590603 0.000010 0.007192 0.401253
0.001721 0.619004 0.005079 0.010953 0.363243
0.000010 0.594296 0.001780 0.000010 0.403904
0.000010 0.590259 0.000010 0.015355 0.394365
0.000010 0.579035 0.000010 0.000010 0.420935
0.002050 0.581769 0.001102 0.003479 0.411600
0.003782 0.610754 0.000010 0.012869 0.372585
0.007020 0.609559 0.008020 0.016456 0.358945
0.000010 0.598254 0.000010 0.000010 0.401716
0.005386 0.566358 0.004918 0.020716 0.402622
0.001684 0.603426 0.000010 0.004939 0.389940
0.004419 0.589363 0.000010 0.000010 0.406197
0.001264 0.604525 0.005938 0.000010 0.388263
0.000329 0.595502 0.011334 0.072662 0.320172
0.003969 0.561008 0.004702 0.000010 0.430310
0.000937 0.573662 0.000010 0.001816 0.423575
0.005555 0.558547 0.013129 0.079029 0.343740
0.000010 0.592898 0.000841 0.003361 0.402889
0.007453 0.574990 0.005332 0.002403 0.409823
0.004658 0.602109 0.005736 0.002875 0.384622
0.000010 0.580703 0.001219 0.000010 0.418059
0.004995 0.601519 0.001449 0.051395 0.340643
0.000010 0.595631 0.001623 0.005399 0.397337
0.002718 0.590459 0.000118 0.000010 0.406695
0.001657 0.565539 0.009468 0.002333 0.421003
0.000010 0.612846 0.000010 0.000010 0.387124
0.000010 0.573374 0.000010 0.016458 0.410148
0.000717 0.584938 0.000010 0.009550 0.404785
0.006625 0.562161 0.020786 0.047774 0.362653
0.000010 0.602670 0.000010 0.016720 0.380590
0.006440 0.588260 0.000010 0.016698 0.388592
0.000390 0.574535 0.004389 0.007706 0.412980
0.000010 0.556578 0.000010 0.001006 0.442396
0.002315 0.582665 0.000010 0.000010 0.415000
0.001046 0.584763 0.002118 0.012887 0.399187
0.000010 0.573239 0.000010 0.016393 0.410348
0.000010 0.604885 0.001397 0.013848 0.379859
0.000252 0.597385 0.000010 0.017250 0.385103
0.000010 0.586303 0.000010 0.000010 0.413667
0.001772 0.520730 0.015777 0.011250 0.450470
0.009093 0.508265 0.028814 0.049190 0.404637
0.006948 0.575514 0.015859 0.057140 0.344538
0.005043 0.623490 0.000010 0.000676 0.370780
0.001869 0.580144 0.006907 0.023878 0.387202
0.000678 0.558827 0.013652 0.012619 0.414224
0.000010 0.595782 0.000010 0.000010 0.404188
0.000010 0.594908 0.000010 0.030710 0.374363
0.003914 0.610213 0.000010 0.012119 0.373744
0.001827 0.603666 0.000010 0.007938 0.386558
0.000010 0.614233 0.000010 0.000149 0.385598
0.006575 0.618070 0.000010 0.008669 0.366676
0.002218 0.598544 0.001675 0.035451 0.362111
0.001726 0.608893 0.000010 0.007715 0.381656
0.001712 0.579449 0.028176 0.006974 0.383689
0.007387 0.595308 0.004094 0.000010 0.393201
0.000010 0.558132 0.016654 0.031653 0.393551
0.000655 0.565511 0.011595 0.003921 0.418317
0.004593 0.591927 0.000010 0.002696 0.400774
0.006028 0.591282 0.011644 0.017196 0.373850
0.000010 0.604726 0.000010 0.008618 0.386635
0.003822 0.594597 0.002415 0.006599 0.392567
0.002715 0.616377 0.000010 0.000160 0.380738
0.007018 0.527305 0.032084 0.068373 0.365220
0.002483 0.564469 0.011879 0.065441 0.355728
0.002491 0.596594 0.000724 0.002074 0.398116
0.000010 0.579553 0.000010 0.000010 0.420417
0.000010 0.564075 0.014197 0.080513 0.341206
0.000010 0.524076 0.012286 0.000370 0.463258
0.002064 0.597622 0.001203 0.000010 0.399100
0.000010 0.607934 0.000010 0.020709 0.371337
0.000483 0.604510 0.007986 0.006187 0.380833
0.000010 0.588678 0.000010 0.000010 0.411292
0.000010 0.573480 0.005810 0.004066 0.416634
0.000010 0.598962 0.000010 0.005177 0.395841
0.000011 0.598360 0.009536 0.000010 0.392083
0.000010 0.573291 0.005955 0.009079 0.411665
0.000010 0.583510 0.013971 0.009384 0.393125
0.000010 0.591821 0.003856 0.000010 0.404303
0.000088 0.595427 0.012748 0.015604 0.376133
0.005066 0.583028 0.012159 0.022187 0.377560
0.001571 0.574947 0.000010 0.000010 0.423462
0.002477 0.589076 0.002731 0.001073 0.404642
0.000010 0.602238 0.002437 0.000010 0.395305
0.000010 0.594419 0.007606 0.000010 0.397954
0.000010 0.600860 0.000010 0.025060 0.374060
0.006907 0.513650 0.025282 0.070428 0.383734
0.003791 0.605634 0.004665 0.001719 0.384191
0.004832 0.563432 0.007764 0.045342 0.378629
0.000010 0.592698 0.003971 0.015288 0.388032
0.000010 0.000010 0.440650 0.000010 0.559320
0.000010 0.000251 0.355992 0.000010 0.643737
0.000010 0.062445 0.289029 0.000010 0.648506
0.000010 0.000010 0.388331 0.000010 0.611639
0.000011 0.000010 0.364374 0.000010 0.635595
0.000010 0.025019 0.312210 0.000010 0.662751
0.000010 0.000010 0.432476 0.000010 0.567494
0.000010 0.000010 0.504161 0.000010 0.495809
0.000010 0.000010 0.388358 0.000010 0.611612
0.001451 0.102524 0.234204 0.003402 0.658418
0.000010 0.000010 0.372843 0.000010 0.627127
0.000010 0.034301 0.304025 0.000454 0.661209
0.000010 0.000010 0.431779 0.000010 0.568191
0.000010 0.000010 0.373296 0.000010 0.626674
0.000010 0.000010 0.375122 0.000010 0.624848
0.000010 0.000010 0.376367 0.000010 0.623603
0.000010 0.000010 0.373735 0.000010 0.626235
0.000011 0.000010 0.378557 0.024886 0.596536
0.000010 0.000010 0.389004 0.000010 0.610966
0.000010 0.000010 0.404502 0.000010 0.595468
0.001763 0.000010 0.317698 0.162926 0.517603
0.000010 0.000010 0.424179 0.000010 0.575791
0.000010 0.008388 0.325827 0.000010 0.665765
0.000010 0.000010 0.367963 0.000010 0.632007
0.000010 0.000010 0.395565 0.000010 0.604405
0.003278 0.000010 0.352204 0.000010 0.644498
0.000010 0.027632 0.327881 0.005960 0.638517
0.007548 0.063649 0.285705 0.002135 0.640964
0.000010 0.000010 0.369928 0.000010 0.630042
0.001329 0.000010 0.367039 0.029765 0.601857
0.029697 0.024209 0.307315 0.092045 0.546734
0.000302 0.014533 0.293363 0.000010 0.691791
0.000010 0.000010 0.384974 0.000010 0.614996
0.001761 0.104898 0.310874 0.031398 0.551069
0.000010 0.015496 0.351185 0.000010 0.633299
0.000010 0.000010 0.376987 0.000010 0.622983
0.000010 0.000010 0.359346 0.000010 0.640624
0.001475 0.101088 0.240328 0.014833 0.642276
0.002243 0.072005 0.263687 0.000010 0.662056
0.000010 0.000010 0.356786 0.000010 0.643184
0.000010 0.013766 0.337491 0.000010 0.648723
0.000010 0.013473 0.389400 0.000010 0.597106
0.000010 0.000010 0.376912 0.000010 0.623058
0.000010 0.000010 0.363834 0.003649 0.632497
0.001086 0.019353 0.346417 0.001373 0.631771
0.000010 0.000010 0.360137 0.000010 0.639833
0.002893 0.051244 0.295328 0.062601 0.587934
0.008706 0.132061 0.211954 0.000557 0.646722
0.000010 0.066705 0.325964 0.001158 0.606163
0.000010 0.000010 0.382315 0.000010 0.617655
0.002480 0.053599 0.247030 0.142215 0.554676
0.000010 0.000010 0.315193 0.095198 0.589589
0.000010 0.000010 0.334679 0.003431 0.661870
0.000010 0.000010 0.359484 0.000010 0.640486
0.000010 0.000010 0.348245 0.000010 0.651725
0.000010 0.072154 0.281392 0.000010 0.646434
0.000010 0.137552 0.171714 0.005098 0.685626
0.014140 0.124092 0.213513 0.024412 0.623843
0.000014 0.000010 0.371190 0.000010 0.628775
0.000010 0.055524 0.288240 0.000010 0.656217
0.093713 0.000010 0.450681 0.242276 0.213320
0.000010 0.045426 0.321506 0.000010 0.633048
0.000010 0.007132 0.348885 0.003486 0.640487
0.000010 0.031306 0.320003 0.000010 0.648672
0.000010 0.024364 0.333556 0.000010 0.642060
0.000011 0.002422 0.347309 0.000010 0.650249
0.000549 0.028867 0.316546 0.000010 0.654028
0.000010 0.004636 0.368376 0.000010 0.626968
0.006157 0.076970 0.253956 0.000010 0.662908
0.000010 0.033855 0.316030 0.000010 0.650095
0.002566 0.005444 0.308672 0.000010 0.683308
0.000010 0.012515 0.356189 0.000010 0.631276
0.003085 0.072072 0.273694 0.001941 0.649207
0.000853 0.180363 0.152101 0.004588 0.662095
0.024245 0.407470 0.040409 0.527866 0.000010
0.020469 0.435017 0.039879 0.504625 0.000010
0.013510 0.430400 0.041384 0.514696 0.000010
0.023370 0.411003 0.048956 0.516662 0.000010
0.020803 0.413263 0.031787 0.534137 0.000010
0.022297 0.422020 0.047514 0.508160 0.000010
0.017885 0.443310 0.041133 0.497662 0.000010
0.023048 0.418182 0.037976 0.520784 0.000010
0.018144 0.417367 0.038814 0.525666 0.000010
0.015556 0.406986 0.040915 0.536533 0.000010
0.014923 0.432674 0.035935 0.516457 0.000010
0.015774 0.431421 0.040310 0.512486 0.000010
0.019345 0.417634 0.036281 0.526730 0.000010
0.018667 0.409119 0.035136 0.537067 0.000010
0.012497 0.413471 0.033372 0.540650 0.000010
0.020714 0.404229 0.039467 0.535580 0.000010
0.025815 0.435167 0.051159 0.487849 0.000010
0.023655 0.416697 0.039078 0.520559 0.000010
0.017632 0.411972 0.039540 0.530847 0.000010
0.012603 0.401578 0.038751 0.547058 0.000010
0.011770 0.401992 0.037024 0.549204 0.000010
0.022800 0.436367 0.045135 0.495687 0.000010
0.000010 0.187690 0.233281 0.000010 0.579008
0.000010 0.211534 0.235632 0.000353 0.552470
0.000010 0.223679 0.206785 0.000969 0.568556
0.000143 0.196444 0.229916 0.000010 0.573487
0.000010 0.188444 0.224708 0.000010 0.586828
0.000010 0.216752 0.222121 0.000010 0.561108
0.001663 0.196507 0.229156 0.000968 0.571706
0.000010 0.187438 0.227481 0.002299 0.582772
0.001844 0.222587 0.216740 0.000010 0.558819
0.000010 0.222836 0.225530 0.000696 0.550929
0.000618 0.226875 0.210176 0.000010 0.562321
0.000010 0.223241 0.202504 0.000010 0.574236
0.000010 0.212545 0.224474 0.000010 0.562961
0.002126 0.233218 0.203347 0.000010 0.561299
0.000010 0.202645 0.229165 0.000010 0.568170
0.000011 0.201131 0.225841 0.000010 0.573007
0.000010 0.216421 0.218144 0.000010 0.565414
0.000010 0.176522 0.235072 0.000010 0.588386
0.000012 0.191161 0.219625 0.000010 0.589192
0.003744 0.212639 0.206670 0.000010 0.576936
0.000010 0.206180 0.223213 0.000010 0.570587
0.000010 0.215950 0.172907 0.000010 0.611122
0.000012 0.236333 0.205054 0.000010 0.558590
0.000010 0.220378 0.228709 0.000010 0.550892
0.000010 0.218397 0.214382 0.002128 0.565083
0.003984 0.218454 0.219765 0.000587 0.557210
0.000010 0.199359 0.224669 0.001355 0.574607
0.000010 0.214130 0.218917 0.002349 0.564593
0.002697 0.216271 0.213157 0.000010 0.567865
0.000010 0.206992 0.233278 0.000010 0.559710
0.000010 0.217270 0.232821 0.000010 0.549889
0.000010 0.198524 0.239321 0.000010 0.562135
0.000747 0.209327 0.218938 0.000010 0.570978
0.003854 0.220140 0.203333 0.000010 0.572663
0.002037 0.207678 0.222963 0.006347 0.560975
0.000010 0.197935 0.241032 0.004750 0.556273
0.000010 0.219053 0.223501 0.000010 0.557426
0.000010 0.244587 0.206514 0.000010 0.548878
0.000010 0.222384 0.211207 0.000010 0.566389
0.000010 0.191608 0.198369 0.166181 0.443832
0.000012 0.203271 0.243531 0.000010 0.553176
0.000012 0.210136 0.216356 0.000010 0.573485
0.000010 0.217238 0.211299 0.000010 0.571444
0.000768 0.219061 0.191991 0.000010 0.588170
0.001682 0.220125 0.216443 0.000410 0.561341
0.000012 0.210736 0.230596 0.000010 0.558646
0.001657 0.221920 0.216651 0.000010 0.559762
0.001515 0.219643 0.215353 0.001095 0.562395
0.000905 0.217378 0.220174 0.000010 0.561534
0.004262 0.212207 0.224989 0.000127 0.558414
0.000010 0.195238 0.247270 0.014404 0.543078
0.000010 0.190919 0.235129 0.000010 0.573932
0.000010 0.210046 0.232336 0.000765 0.556843
0.000010 0.219808 0.222569 0.000010 0.557603
0.000010 0.209973 0.220898 0.004525 0.564594
0.000010 0.227082 0.242091 0.000010 0.530807
0.000010 0.199799 0.236531 0.000010 0.563650
0.000013 0.226857 0.229707 0.000010 0.543413
0.000010 0.224220 0.207088 0.000010 0.568671
0.004085 0.227305 0.214343 0.005895 0.548371
0.001768 0.223175 0.194661 0.000485 0.579910
0.000323 0.227487 0.199455 0.000010 0.572725
0.002110 0.212545 0.211434 0.007681 0.566230
0.000010 0.210602 0.214050 0.000010 0.575328
0.000010 0.210859 0.224226 0.000010 0.564895
0.000011 0.195420 0.239852 0.000010 0.564707
0.000011 0.195236 0.220697 0.000010 0.584046
0.000012 0.211710 0.229211 0.000010 0.559057
0.000233 0.229535 0.216913 0.000010 0.553310
0.000010 0.213506 0.224596 0.005982 0.555906
0.000941 0.200798 0.203474 0.001252 0.593535
0.000010 0.213138 0.244687 0.003190 0.538975
0.001024 0.226531 0.229592 0.000010 0.542842
0.001341 0.215295 0.226922 0.004972 0.551469
0.001153 0.223845 0.223583 0.004590 0.546829
0.000469 0.236891 0.201889 0.000010 0.560741
0.000010 0.206136 0.234819 0.009541 0.549494
0.000010 0.221550 0.214426 0.000010 0.564004
0.000010 0.224080 0.202723 0.000010 0.573177
0.000012 0.229290 0.206540 0.000010 0.564149
0.001759 0.215018 0.221255 0.000010 0.561957
0.003589 0.230475 0.172583 0.000010 0.593343
0.001652 0.211329 0.242214 0.001621 0.543184
0.000012 0.221318 0.218162 0.000010 0.560498
0.001425 0.215337 0.224169 0.000370 0.558698
0.004239 0.211731 0.224641 0.002035 0.557354
0.019572 0.191458 0.252383 0.030352 0.506235
0.000629 0.214365 0.224120 0.001343 0.559544
0.008108 0.207833 0.224512 0.001079 0.558468
0.000054 0.199060 0.222639 0.000010 0.578236
0.000013 0.232608 0.217694 0.000010 0.549675
0.005115 0.217139 0.211567 0.000010 0.566170
0.000497 0.227231 0.210992 0.000010 0.561271
0.000010 0.203943 0.232596 0.000010 0.563442
0.001906 0.216124 0.228071 0.003575 0.550324
0.000450 0.222140 0.206189 0.000842 0.570379
0.000774 0.220431 0.228893 0.000010 0.549893
0.000010 0.218286 0.209492 0.002190 0.570022
0.024737 0.441432 0.054131 0.479004 0.000696
0.012291 0.428052 0.051393 0.508254 0.000010
0.017482 0.442559 0.041959 0.497990 0.000010
0.021102 0.430542 0.052306 0.496041 0.000010
0.018956 0.444691 0.053949 0.482394 0.000010
0.004546 0.454224 0.045025 0.496195 0.000010
0.023599 0.439839 0.035562 0.500990 0.000010
0.020326 0.522267 0.040419 0.416978 0.000010
0.022897 0.438480 0.043528 0.495084 0.000010
0.017477 0.455439 0.046886 0.480188 0.000010
0.011493 0.537711 0.042347 0.404179 0.004269
0.016574 0.442282 0.048875 0.492258 0.000010
0.022424 0.446896 0.054289 0.476381 0.000010
0.021427 0.445523 0.049352 0.483689 0.000010
0.028196 0.440641 0.056290 0.474863 0.000010
0.031897 0.455700 0.051021 0.461372 0.000010
0.019452 0.510394 0.040398 0.410070 0.019685
0.019080 0.436159 0.045371 0.499380 0.000010
0.021204 0.485601 0.063314 0.401791 0.028090
0.019489 0.529380 0.029724 0.418347 0.003060
0.023693 0.450580 0.054712 0.470818 0.000198
0.018048 0.478430 0.068404 0.424291 0.010827
0.020186 0.531895 0.033554 0.408408 0.005956
0.017764 0.418724 0.045098 0.518404 0.000010
0.016960 0.415329 0.039513 0.528188 0.000010
0.023749 0.412672 0.034406 0.486519 0.042653
0.020202 0.534706 0.028873 0.415546 0.000673
0.025411 0.461295 0.050787 0.462497 0.000010
0.017675 0.527403 0.045550 0.408160 0.001211
0.011551 0.526660 0.040627 0.418843 0.002319
0.023832 0.432094 0.051888 0.492175 0.000010
0.015491 0.507169 0.035807 0.414074 0.027461
0.013413 0.530782 0.036238 0.410781 0.008786
0.016326 0.424821 0.049353 0.509491 0.000010
0.017640 0.408646 0.038393 0.535311 0.000010
0.022368 0.531023 0.036861 0.402013 0.007735
0.019967 0.484893 0.040126 0.401988 0.053025
0.011673 0.544526 0.042538 0.396333 0.004930
0.022216 0.499039 0.042837 0.358953 0.076954
0.018204 0.525429 0.033849 0.399276 0.023242
0.018891 0.519996 0.042020 0.399239 0.019854
0.017147 0.535734 0.044814 0.397374 0.004931
0.015784 0.531345 0.040676 0.412185 0.000010
0.013184 0.524619 0.041669 0.420518 0.000010
0.022084 0.535363 0.048972 0.390641 0.002941
0.020305 0.538902 0.034147 0.399393 0.007254
0.023053 0.544729 0.035432 0.387103 0.009683
0.029221 0.481707 0.074715 0.412019 0.002338
0.031443 0.491814 0.072184 0.395909 0.008649
0.026811 0.478412 0.081274 0.413493 0.000010
0.037017 0.489765 0.087389 0.370981 0.014847
0.032787 0.493372 0.108513 0.360031 0.005297
0.026896 0.473847 0.065160 0.427733 0.006365
0.030235 0.481877 0.067656 0.414979 0.005253
0.035552 0.507510 0.094030 0.345157 0.017752
0.018008 0.464481 0.065617 0.451883 0.000010
0.018954 0.495224 0.075276 0.410536 0.000010
0.024025 0.467298 0.064971 0.441619 0.002087
0.035513 0.481195 0.092795 0.377516 0.012980
0.029838 0.498352 0.087062 0.373041 0.011708
0.023246 0.483758 0.062835 0.428367 0.001794
0.020553 0.481520 0.075156 0.410739 0.012032
0.031466 0.469832 0.077045 0.419237 0.002419
0.025407 0.468521 0.066443 0.426910 0.012720
0.017091 0.468924 0.056900 0.457061 0.000025
0.020598 0.495789 0.081326 0.402277 0.000010
0.029564 0.481738 0.087536 0.388347 0.012815
0.021022 0.484355 0.071508 0.423105 0.000010
0.032646 0.497502 0.108056 0.348727 0.013070
0.028486 0.471521 0.077444 0.412424 0.010125
0.031755 0.472912 0.083037 0.405051 0.007245
0.004594 0.145716 0.030406 0.819274 0.000010
0.000010 0.150157 0.037894 0.811929 0.000010
0.010556 0.153714 0.031221 0.804498 0.000010
0.002167 0.178632 0.033655 0.784206 0.001339
0.000010 0.171839 0.032602 0.795539 0.000010
0.000010 0.111386 0.024995 0.863599 0.000010
0.000010 0.174237 0.027105 0.798638 0.000010
0.006021 0.147436 0.032052 0.814481 0.000010
0.003177 0.152703 0.032137 0.811973 0.000010
0.005789 0.177514 0.033223 0.783463 0.000010
0.000631 0.148022 0.032722 0.815887 0.002738
0.001297 0.171335 0.030985 0.796373 0.000010
0.006867 0.165798 0.032206 0.795118 0.000010
0.001933 0.123878 0.001607 0.872572 0.000010
0.004984 0.143780 0.034981 0.816245 0.000010
0.000010 0.153756 0.034196 0.812029 0.000010
0.000068 0.167343 0.033361 0.788882 0.010346
0.002096 0.156357 0.032779 0.808757 0.000010
0.006247 0.166016 0.029976 0.797751 0.000010
0.005415 0.163191 0.037701 0.793683 0.000010
0.000534 0.153680 0.032231 0.813544 0.000010
0.005805 0.175028 0.005721 0.808834 0.004612
0.002658 0.125615 0.030209 0.841508 0.000010
0.000010 0.192133 0.032309 0.761010 0.014539
0.000010 0.172824 0.036173 0.790982 0.000010
0.007499 0.141914 0.029004 0.821573 0.000010
0.008408 0.142492 0.032027 0.817062 0.000010
0.003163 0.143755 0.035025 0.818047 0.000010
0.011130 0.171928 0.034019 0.781196 0.001727
0.008455 0.161981 0.033073 0.796481 0.000010
0.005174 0.137075 0.031760 0.825981 0.000010
0.000010 0.139651 0.032700 0.827629 0.000010
0.004844 0.186441 0.034601 0.774103 0.000010
0.009545 0.190397 0.006401 0.778380 0.015277
0.013214 0.157457 0.028544 0.798172 0.002613
0.000010 0.192878 0.036674 0.770428 0.000010
0.005853 0.144856 0.031378 0.817904 0.000010
0.006821 0.187476 0.036448 0.769245 0.000010
0.000010 0.151987 0.036139 0.811854 0.000010
0.000017 0.142896 0.028329 0.828747 0.000010
0.003132 0.142836 0.027972 0.826051 0.000010
0.002431 0.145966 0.030193 0.821400 0.000010
0.004106 0.155504 0.033438 0.806941 0.000010
0.004060 0.162201 0.032180 0.801549 0.000010
0.000490 0.151066 0.030797 0.817638 0.000010
0.009622 0.297392 0.038406 0.653198 0.001383
0.000010 0.131658 0.027489 0.840833 0.000010
0.261941 0.000010 0.010180 0.727859 0.000010
0.007419 0.151544 0.032658 0.808369 0.000010
0.000010 0.159937 0.032742 0.807301 0.000010
0.000196 0.158628 0.031858 0.809308 0.000010
0.000010 0.170307 0.037423 0.792250 0.000010
0.008559 0.146156 0.031772 0.813504 0.000010
0.000010 0.148573 0.028248 0.823159 0.000010
0.003116 0.139282 0.024802 0.832790 0.000010
0.000010 0.180621 0.032260 0.776651 0.010458
0.005287 0.144489 0.028071 0.815600 0.006553
0.009316 0.162318 0.034583 0.793772 0.000010
0.000801 0.156246 0.029254 0.813689 0.000010
0.000010 0.149624 0.028983 0.821373 0.000010
0.009363 0.014645 0.015622 0.960361 0.000010
0.003583 0.141803 0.030378 0.824227 0.000010
0.002966 0.160143 0.037752 0.793265 0.005875
0.000010 0.150029 0.032517 0.817434 0.000010
0.002221 0.112591 0.022918 0.862260 0.000010
0.000010 0.142922 0.033960 0.823098 0.000010
0.001430 0.206204 0.030885 0.761471 0.000010
0.000010 0.161705 0.029699 0.808576 0.000010
0.007604 0.141721 0.032189 0.818475 0.000010
0.000666 0.156521 0.035490 0.807313 0.000010
0.002533 0.167662 0.029370 0.800425 0.000010
0.007681 0.230828 0.038692 0.678458 0.044341
0.009641 0.126304 0.032056 0.831989 0.000010
0.011071 0.019303 0.018814 0.950802 0.000010
0.003699 0.168494 0.025624 0.802173 0.000010
0.000010 0.165163 0.029934 0.804882 0.000010
0.000010 0.106190 0.023535 0.870255 0.000010
0.000916 0.152106 0.029516 0.817452 0.000010
0.001358 0.190206 0.034202 0.758684 0.015550
0.006256 0.154065 0.034713 0.804956 0.000010
0.007230 0.195131 0.032085 0.765544 0.000010
0.001408 0.163132 0.029615 0.805835 0.000010
0.008779 0.153354 0.031002 0.806854 0.000010
0.001078 0.193799 0.037495 0.757143 0.010486
0.003824 0.152654 0.030356 0.813156 0.000010
0.004561 0.167288 0.037975 0.790165 0.000010
0.001911 0.116104 0.029987 0.851989 0.000010
0.000010 0.161469 0.031867 0.806645 0.000010
0.001748 0.159430 0.035991 0.802821 0.000010
0.000817 0.156231 0.032266 0.810676 0.000010
0.000010 0.131972 0.036083 0.831926 0.000010
0.005576 0.175039 0.035006 0.784368 0.000010
0.002479 0.156813 0.029812 0.810886 0.000010
0.000010 0.161219 0.033005 0.805756 0.000010
0.002031 0.178844 0.031983 0.785516 0.001626
0.000365 0.152779 0.028746 0.818101 0.000010
0.005399 0.204440 0.037944 0.752207 0.000010
0.000010 0.204319 0.037034 0.758627 0.000010
0.000377 0.146354 0.032860 0.820399 0.000010
0.000010 0.604971 0.000010 0.000010 0.394999
0.000010 0.597202 0.000010 0.000010 0.402768
0.008022 0.594299 0.045992 0.233088 0.118599
0.012407 0.601484 0.012646 0.067262 0.306201
0.003242 0.596212 0.013082 0.087368 0.300096
0.010025 0.558826 0.016660 0.015705 0.398784
0.000010 0.611310 0.002151 0.015403 0.371126
0.007073 0.523464 0.035613 0.074942 0.358908
0.001776 0.554816 0.018460 0.089681 0.335267
0.008030 0.598871 0.011814 0.024479 0.356806
0.001749 0.579543 0.004761 0.035126 0.378821
0.001771 0.606318 0.009587 0.073250 0.309075
0.000695 0.558287 0.011125 0.046507 0.383385
0.008240 0.561936 0.000010 0.030359 0.399455
0.007985 0.604795 0.020324 0.014483 0.352414
0.000674 0.585051 0.000712 0.004284 0.409279
0.009285 0.596749 0.029789 0.142344 0.221833
0.000010 0.586408 0.000010 0.000010 0.413562
0.007817 0.592443 0.001485 0.005529 0.392725
0.003416 0.563359 0.013022 0.116138 0.304064
0.000796 0.571657 0.005360 0.015478 0.406709
0.007690 0.561612 0.011376 0.054492 0.364830
0.000010 0.604793 0.000010 0.000010 0.395177
0.000010 0.602485 0.000010 0.000010 0.397485
0.000279 0.611305 0.000010 0.004148 0.384257
0.008235 0.592943 0.013138 0.000010 0.385673
0.000010 0.605525 0.000010 0.010243 0.384212
0.009169 0.563430 0.023484 0.050565 0.353351
0.003199 0.603393 0.000010 0.012139 0.381259
0.006074 0.587651 0.034619 0.139126 0.232530
0.005520 0.553170 0.017211 0.083197 0.340903
0.003213 0.541532 0.026614 0.041577 0.387064
0.002501 0.618521 0.000010 0.001429 0.377539
0.009562 0.576877 0.029704 0.149973 0.233885
0.001976 0.586356 0.010107 0.013763 0.387797
0.006148 0.587624 0.008057 0.070110 0.328061
0.002780 0.578168 0.029320 0.129530 0.260203
0.006824 0.563869 0.034354 0.141926 0.253028
0.004804 0.620959 0.000010 0.000010 0.374217
0.002083 0.601919 0.000986 0.003743 0.391268
0.002135 0.617490 0.000010 0.003784 0.376582
0.000010 0.601404 0.001496 0.005820 0.391269
0.000010 0.584308 0.005254 0.006174 0.404255
0.002995 0.588038 0.001765 0.000010 0.407192
0.000010 0.611545 0.000010 0.007689 0.380746
0.000010 0.600154 0.000010 0.000010 0.399816
0.002449 0.589791 0.000010 0.016852 0.390898
0.000010 0.590788 0.002683 0.024353 0.382166
0.006774 0.517670 0.016217 0.045112 0.414226
0.004560 0.570753 0.016259 0.025153 0.383275
0.000010 0.577381 0.008739 0.029642 0.384228
0.001708 0.594337 0.000010 0.001050 0.402895
0.000010 0.606553 0.000010 0.000010 0.393417
0.000638 0.505718 0.032317 0.060544 0.400783
0.000010 0.633271 0.000010 0.000010 0.366699
0.002177 0.600340 0.000010 0.012912 0.384561
0.001512 0.608853 0.000010 0.000010 0.389615
0.002467 0.586315 0.009248 0.089608 0.312363
0.001890 0.575448 0.005389 0.035276 0.381997
0.000464 0.595037 0.008517 0.037206 0.358776
0.000741 0.608516 0.000010 0.000010 0.390724
0.002776 0.601721 0.011329 0.058519 0.325655
0.000010 0.592766 0.000010 0.007510 0.399705
0.004091 0.597674 0.001324 0.000904 0.396007
0.006710 0.592863 0.016462 0.109703 0.274262
0.012167 0.509552 0.038216 0.061230 0.378834
0.000010 0.562645 0.016500 0.127817 0.293027
0.003800 0.585379 0.007603 0.002297 0.400921
0.001366 0.562404 0.015313 0.023801 0.397115
0.007811 0.618416 0.014431 0.097233 0.262109
0.007330 0.606795 0.003870 0.003267 0.378738
0.004776 0.590821 0.009545 0.080283 0.314576
0.000010 0.584948 0.003811 0.004933 0.406298
0.000010 0.588249 0.006299 0.008381 0.397062
0.002267 0.621016 0.000010 0.002684 0.374023
0.009005 0.571375 0.012513 0.085055 0.322052
0.002411 0.619322 0.000010 0.000779 0.377478
0.012706 0.569357 0.025463 0.063983 0.328491
0.003091 0.549158 0.012681 0.065090 0.369981
0.006194 0.603942 0.000459 0.021899 0.367505
0.009230 0.599550 0.007468 0.034156 0.349596
0.000010 0.605729 0.000010 0.001177 0.393075
0.000010 0.593924 0.001030 0.000010 0.405026
0.001526 0.567414 0.009299 0.098809 0.322953
0.000010 0.617717 0.000010 0.018201 0.364062
0.000725 0.599880 0.000010 0.011889 0.387497
0.001871 0.611953 0.000010 0.001460 0.384707
0.000010 0.645750 0.000010 0.020879 0.333351
0.007182 0.580194 0.014489 0.096231 0.301904
0.000010 0.614093 0.001525 0.001259 0.383112
0.003367 0.609530 0.000010 0.006723 0.380370
0.001232 0.631609 0.000010 0.000010 0.367139
0.000010 0.593670 0.002564 0.000010 0.403745
0.000010 0.481436 0.033905 0.041803 0.442846
0.000010 0.625366 0.000010 0.000010 0.374604
0.003602 0.563686 0.014082 0.027448 0.391182
0.000839 0.479201 0.033898 0.050738 0.435324
0.000010 0.597926 0.001496 0.000191 0.400377
0.004827 0.575722 0.004134 0.000010 0.415308
0.000592 0.590032 0.000010 0.002410 0.406956
0.001492 0.503074 0.031232 0.062565 0.401637
0.004207 0.546845 0.017679 0.031394 0.399875
0.001611 0.582235 0.005443 0.026420 0.384291
0.002901 0.592732 0.000010 0.043231 0.361126
0.002692 0.608327 0.003171 0.000010 0.385800
0.000067 0.583563 0.001421 0.009678 0.405271
0.004363 0.614589 0.000010 0.005563 0.375475
0.010929 0.569409 0.017740 0.080727 0.321195
0.007762 0.565320 0.014026 0.084466 0.328427
0.011097 0.563222 0.017777 0.077942 0.329961
0.003835 0.598388 0.001808 0.013892 0.382077
0.001990 0.514488 0.024954 0.045252 0.413316
0.004854 0.574563 0.010968 0.036050 0.373566
0.004750 0.570334 0.012876 0.094646 0.317393
0.000010 0.611095 0.002397 0.000010 0.386488
0.000010 0.603950 0.000010 0.008926 0.387104
0.003304 0.601515 0.003254 0.010595 0.381332
0.002282 0.586356 0.008995 0.039806 0.362560
0.013216 0.563240 0.018101 0.096832 0.308612
0.000010 0.591670 0.004181 0.014413 0.389727
0.005193 0.587537 0.006269 0.044516 0.356485
0.014269 0.592975 0.032701 0.074775 0.285280
0.004402 0.609720 0.002420 0.024575 0.358884
0.000010 0.594920 0.000010 0.000010 0.405050
0.000010 0.622885 0.000010 0.000642 0.376453
0.009503 0.540330 0.027226 0.087921 0.335020
0.002561 0.617320 0.000010 0.016049 0.364060
0.000552 0.598881 0.014189 0.059610 0.326766
0.000010 0.600656 0.000010 0.016477 0.382846
0.002465 0.577540 0.013811 0.054330 0.351855
0.010340 0.552448 0.012903 0.099054 0.325256
0.001182 0.577252 0.000010 0.000010 0.421545
0.003449 0.551084 0.004889 0.027999 0.412579
0.000010 0.572460 0.010363 0.047944 0.369223
0.005197 0.579225 0.025905 0.132902 0.256771
0.000010 0.569011 0.002049 0.026857 0.402074
0.001792 0.497224 0.032980 0.069699 0.398305
0.000010 0.606008 0.000010 0.000738 0.393234
0.008134 0.560097 0.029201 0.136873 0.265695
0.009164 0.585014 0.033926 0.033153 0.338743
0.001591 0.598920 0.003172 0.030591 0.365726
0.000512 0.592879 0.000010 0.000663 0.405937
0.000010 0.609390 0.000010 0.000010 0.390580
0.004857 0.598235 0.011149 0.056739 0.329019
0.004740 0.602830 0.000499 0.019069 0.372861
0.000010 0.646757 0.000010 0.001777 0.351446
0.004365 0.604581 0.000010 0.003430 0.387614
0.005476 0.513087 0.036050 0.057722 0.387665
0.001649 0.570953 0.016637 0.075391 0.335369
0.004055 0.578646 0.011056 0.083789 0.322453
0.004243 0.560727 0.013526 0.073869 0.347636
0.004926 0.594103 0.000010 0.000010 0.400951
0.000010 0.610016 0.000832 0.002074 0.387067
0.003130 0.587734 0.003480 0.009394 0.396263
0.005037 0.577250 0.002312 0.005066 0.410336
0.000562 0.595794 0.000010 0.004414 0.399220
0.002945 0.548655 0.012277 0.083142 0.352981
0.005325 0.553327 0.012286 0.019227 0.409835
0.000010 0.594514 0.006473 0.007726 0.391277
0.005481 0.618351 0.002571 0.000010 0.373588
0.001114 0.621001 0.001341 0.016867 0.359676
0.000010 0.576898 0.009957 0.089215 0.323920
0.002973 0.589724 0.000010 0.000010 0.407283
0.000010 0.606692 0.000010 0.000010 0.393278
0.003221 0.581358 0.012788 0.069533 0.333100
0.002897 0.526634 0.016456 0.052861 0.401152
0.000010 0.618444 0.000010 0.000010 0.381526
0.000277 0.624906 0.000010 0.000010 0.374796
0.001913 0.638260 0.000010 0.000010 0.359807
0.012123 0.546128 0.012083 0.027580 0.402085
0.000010 0.605365 0.000650 0.000010 0.393965
0.000010 0.614383 0.000010 0.000010 0.385587
0.011434 0.590126 0.020772 0.081950 0.295719
0.000071 0.583785 0.005318 0.011411 0.399415
0.001954 0.603859 0.002652 0.009637 0.381898
0.001120 0.613414 0.000010 0.000010 0.385446
0.006340 0.594467 0.002063 0.008221 0.388908
0.000010 0.581423 0.000010 0.011036 0.407520
0.002077 0.549296 0.017526 0.104490 0.326612
0.002256 0.589595 0.008694 0.086068 0.313387
0.000010 0.610760 0.000089 0.000010 0.389130
0.000010 0.556247 0.016240 0.033897 0.393606
0.000010 0.588048 0.005513 0.005247 0.401182
0.000010 0.601285 0.000487 0.019983 0.378236
0.000010 0.601757 0.001280 0.027389 0.369564
0.000010 0.618293 0.000010 0.000010 0.381677
0.000010 0.601293 0.000010 0.028724 0.369963
0.001187 0.540795 0.014425 0.074507 0.369086
0.006394 0.580161 0.012861 0.101918 0.298666
0.000010 0.605248 0.000010 0.020148 0.374584
0.002673 0.592598 0.006049 0.000010 0.398670
0.000010 0.585972 0.000010 0.014945 0.399063
0.004506 0.581804 0.007406 0.033115 0.373168
0.000663 0.600296 0.000010 0.005626 0.393405
0.002256 0.620606 0.000010 0.014251 0.362878
0.000010 0.615970 0.000010 0.000010 0.384000
0.007144 0.545863 0.015997 0.042942 0.388055
0.002004 0.590575 0.000010 0.000010 0.407401
0.000010 0.600265 0.000010 0.000010 0.399705
0.002391 0.596579 0.000010 0.005399 0.395621
0.002135 0.617149 0.000010 0.011014 0.369692
0.009811 0.585899 0.021234 0.059162 0.323894
0.000010 0.582468 0.007982 0.000010 0.409530
0.000245 0.616439 0.000010 0.000010 0.383296
0.002967 0.549752 0.015765 0.061637 0.369879
0.000010 0.588804 0.003832 0.007095 0.400259
0.006144 0.538373 0.022924 0.073943 0.358617
0.000010 0.593375 0.005291 0.009361 0.391963
0.001547 0.600516 0.000010 0.014313 0.383614
0.000010 0.592629 0.000010 0.000010 0.407341
0.005914 0.595011 0.000010 0.007564 0.391500
0.009393 0.604755 0.002457 0.000010 0.383385
0.002506 0.592538 0.003073 0.012070 0.389814
0.008554 0.594335 0.000010 0.001766 0.395335
0.004012 0.551828 0.013053 0.071741 0.359366
0.006634 0.594956 0.038855 0.194415 0.165138
0.012071 0.594901 0.040683 0.222804 0.129542
0.000413 0.589482 0.000010 0.002325 0.407771
0.004307 0.607295 0.013085 0.072900 0.302413
0.004061 0.564096 0.024866 0.069040 0.337937
0.009070 0.571668 0.011861 0.075783 0.331618
0.002799 0.570437 0.000010 0.017638 0.409115
0.006123 0.567946 0.011877 0.067247 0.346809
0.007475 0.529109 0.028337 0.058520 0.376560
0.000010 0.626574 0.000010 0.006766 0.366639
0.001552 0.592704 0.004002 0.047172 0.354570
0.015179 0.587083 0.037420 0.179345 0.180972
0.003867 0.540303 0.028741 0.097243 0.329845
0.000010 0.539670 0.015575 0.076559 0.368187
0.001195 0.549058 0.012087 0.082662 0.354998
0.000223 0.542488 0.025452 0.062132 0.369704
0.000010 0.524797 0.021643 0.044885 0.408665
0.008708 0.569671 0.010911 0.071207 0.339504
0.000010 0.629059 0.000010 0.001562 0.369359
0.000010 0.596833 0.008633 0.040652 0.353872
0.000565 0.581990 0.019585 0.100492 0.297368
0.001253 0.600520 0.004449 0.000010 0.393768
0.000010 0.577017 0.011418 0.046057 0.365498
0.000010 0.695579 0.000010 0.000010 0.304391
0.004882 0.622175 0.000010 0.010198 0.362735
0.007951 0.598700 0.000430 0.000010 0.392910
0.006550 0.586147 0.000010 0.000296 0.406997
0.005200 0.546983 0.017386 0.069101 0.361330
0.000985 0.595590 0.000010 0.000736 0.402679
0.004843 0.599036 0.000010 0.007037 0.389074
0.001507 0.586897 0.000010 0.000010 0.411576
0.000074 0.589532 0.005358 0.000010 0.405027
0.001961 0.610990 0.000010 0.000010 0.387029
0.004773 0.605222 0.000010 0.000010 0.389985
0.007167 0.571414 0.014855 0.035306 0.371258
0.008230 0.593118 0.005650 0.012446 0.380556
0.000010 0.607185 0.000010 0.014539 0.378256
0.004325 0.576885 0.014631 0.019901 0.384258
0.000280 0.534387 0.009375 0.049252 0.406707
0.003937 0.562173 0.011687 0.070061 0.352143
0.004645 0.601971 0.009513 0.002784 0.381087
0.000104 0.651246 0.000010 0.017591 0.331048
0.003490 0.585943 0.002116 0.000010 0.408440
0.000010 0.606522 0.000010 0.000010 0.393448
0.000772 0.623311 0.000010 0.000010 0.375898
0.005499 0.541806 0.023283 0.100905 0.328506
0.000410 0.612191 0.000010 0.004228 0.383162
0.000010 0.594768 0.000010 0.000010 0.405202
0.002053 0.599409 0.000010 0.010889 0.387640
0.007248 0.601043 0.008666 0.031668 0.351375
0.000010 0.590510 0.000010 0.015541 0.393929
0.000010 0.601293 0.000010 0.007781 0.390906
0.001476 0.648550 0.002382 0.009917 0.337675
0.004828 0.616780 0.000010 0.011728 0.366654
0.000759 0.581438 0.009234 0.029075 0.379494
0.000010 0.596523 0.000010 0.000010 0.403447
0.006633 0.625762 0.000010 0.018421 0.349174
0.005382 0.611935 0.003323 0.014454 0.364905
0.000641 0.584921 0.006478 0.025848 0.382112
0.003262 0.648371 0.000010 0.000010 0.348348
0.000010 0.630064 0.000010 0.004731 0.365184
0.000127 0.595636 0.002929 0.009484 0.391824
0.005991 0.533072 0.016826 0.066644 0.377467
0.000010 0.629762 0.000010 0.000010 0.370208
0.000464 0.531598 0.032251 0.105467 0.330220
0.010622 0.547341 0.022655 0.060780 0.358602
0.003080 0.621033 0.000010 0.014307 0.361569
0.003577 0.593884 0.000010 0.000010 0.402520
0.005762 0.524569 0.040354 0.055934 0.373381
0.003535 0.598049 0.006678 0.025799 0.365939
0.006722 0.593456 0.009810 0.062973 0.327041
0.000327 0.592657 0.006001 0.034711 0.366304
0.006436 0.599756 0.005569 0.024752 0.363487
0.001036 0.593731 0.010721 0.078838 0.315675
0.007933 0.603970 0.028666 0.146569 0.212862
0.005071 0.577975 0.037014 0.163424 0.216515
0.002663 0.611993 0.000010 0.005165 0.380170
0.004124 0.575458 0.019919 0.106524 0.293974
0.001093 0.530852 0.020645 0.064752 0.382658
0.007908 0.557088 0.006800 0.036495 0.391709
0.000010 0.567157 0.008041 0.002227 0.422564
0.006278 0.617373 0.000010 0.000010 0.376329
0.002642 0.671262 0.000010 0.010467 0.315619
0.006712 0.555958 0.016897 0.056429 0.364004
0.004397 0.575396 0.017716 0.110366 0.292125
0.001979 0.561072 0.018520 0.097345 0.321085
0.003041 0.586410 0.004557 0.004383 0.401608
0.000010 0.600983 0.001032 0.026337 0.371637
0.001955 0.587731 0.000010 0.012644 0.397660
0.004029 0.586763 0.007233 0.072059 0.329916
0.000010 0.597553 0.007610 0.007542 0.387284
0.002899 0.579231 0.008572 0.097908 0.311391
0.001433 0.598811 0.000010 0.008831 0.390915
0.000010 0.609573 0.000010 0.003292 0.387115
0.002408 0.613564 0.000010 0.004967 0.379050
0.000010 0.606126 0.000010 0.000010 0.393844
0.003543 0.584101 0.000010 0.000010 0.412336
0.004237 0.597891 0.003107 0.014511 0.380253
0.000010 0.587477 0.000010 0.000010 0.412493
0.011515 0.547816 0.023598 0.091019 0.326051
0.007489 0.564364 0.025516 0.047989 0.354643
0.000010 0.625957 0.007424 0.036082 0.330526
0.000010 0.603370 0.014015 0.027804 0.354801
0.000010 0.594844 0.000010 0.000010 0.405126
0.001233 0.606958 0.000010 0.014114 0.377685
0.000010 0.593804 0.000010 0.004887 0.401288
0.005016 0.595265 0.009665 0.087090 0.302964
0.000971 0.615485 0.001687 0.004174 0.377683
0.004937 0.588078 0.003555 0.037005 0.366426
0.003077 0.584560 0.000010 0.004562 0.407791
0.000010 0.606433 0.000010 0.000010 0.393537
0.002212 0.616140 0.000010 0.000010 0.381628
0.001597 0.542985 0.024380 0.069175 0.361864
0.000010 0.593124 0.000010 0.003419 0.403437
0.002156 0.533827 0.015507 0.021393 0.427117
0.000010 0.586723 0.003101 0.014917 0.395249
0.005368 0.568363 0.000010 0.014893 0.411366
0.003722 0.586762 0.012876 0.000010 0.396630
0.001402 0.599602 0.007875 0.000010 0.391110
0.000010 0.589325 0.005425 0.000010 0.405230
0.003061 0.575339 0.002075 0.004101 0.415424
0.000010 0.571477 0.001289 0.020322 0.406902
0.009061 0.556575 0.018481 0.109896 0.305987
0.004049 0.585473 0.004635 0.000010 0.405833
0.000010 0.570464 0.001807 0.012014 0.415705
0.001757 0.564858 0.005440 0.006210 0.421734
0.010739 0.567112 0.026577 0.136727 0.258845
0.002094 0.604146 0.000010 0.011716 0.382035
0.004342 0.557057 0.015269 0.035734 0.387599
0.000010 0.591522 0.002115 0.005484 0.400869
0.000010 0.597236 0.000708 0.011954 0.390091
0.001266 0.505132 0.024924 0.058502 0.410176
0.006212 0.537202 0.020348 0.097832 0.338407
0.007795 0.478906 0.031275 0.054636 0.427388
0.000156 0.584148 0.003393 0.002462 0.409841
0.001655 0.586198 0.011823 0.079420 0.320904
0.000010 0.575622 0.000383 0.009808 0.414177
0.000010 0.632210 0.000010 0.005791 0.361979
0.000010 0.596500 0.000010 0.000010 0.403470
0.003819 0.567030 0.000010 0.000010 0.429131
0.008026 0.499703 0.026426 0.057234 0.408611
0.000010 0.572616 0.000285 0.000010 0.427078
0.000010 0.595537 0.000010 0.005745 0.398697
0.000010 0.586780 0.000010 0.013527 0.399673
0.000047 0.589184 0.000010 0.002362 0.408397
0.000010 0.576237 0.009268 0.024144 0.390341
0.000010 0.550771 0.006318 0.000010 0.442892
0.000010 0.601816 0.000010 0.000441 0.397723
0.004214 0.527844 0.012754 0.064451 0.390736
0.007105 0.573556 0.046375 0.212389 0.160574
0.002432 0.576111 0.000010 0.010318 0.411130
0.001157 0.574602 0.000010 0.008818 0.415412
0.000010 0.577012 0.008772 0.000010 0.414196
0.000010 0.588428 0.000010 0.005477 0.406075
0.000010 0.570143 0.000010 0.000010 0.429827
0.003116 0.544341 0.021032 0.076758 0.354753
0.000010 0.591534 0.002842 0.000010 0.405604
0.000717 0.576346 0.008743 0.003174 0.411020
0.000010 0.604452 0.000010 0.000010 0.395518
0.003876 0.539435 0.036507 0.101902 0.318279
0.000627 0.599797 0.003213 0.008365 0.387999
0.000010 0.585246 0.005770 0.007060 0.401914
0.000010 0.594953 0.000010 0.000010 0.405017
0.000010 0.580854 0.000010 0.000010 0.419116
0.000010 0.593635 0.010367 0.021364 0.374625
0.000829 0.524273 0.014719 0.026510 0.433669
0.000010 0.581479 0.001933 0.007474 0.409104
0.000010 0.595415 0.000010 0.000010 0.404555
0.000010 0.606880 0.000010 0.004603 0.388496
0.000010 0.533366 0.015154 0.064114 0.387356
0.000701 0.604593 0.000010 0.014365 0.380331
0.000010 0.602731 0.000010 0.000010 0.397239
0.000440 0.592012 0.000010 0.009325 0.398214
0.006241 0.583281 0.000010 0.032336 0.378132
0.000240 0.591385 0.000010 0.024032 0.384333
0.005056 0.570085 0.016375 0.038218 0.370266
0.007212 0.592043 0.000010 0.003389 0.397346
0.005999 0.514193 0.023052 0.099120 0.357636
0.000010 0.570489 0.000010 0.020637 0.408854
0.000010 0.587710 0.000010 0.008043 0.404227
0.003230 0.578274 0.000010 0.005796 0.412690
0.000010 0.548815 0.009990 0.039737 0.401448
0.000524 0.584787 0.000010 0.040828 0.373851
0.000010 0.564274 0.009082 0.033037 0.393597
0.005005 0.538439 0.021207 0.077586 0.357764
0.001343 0.536747 0.015836 0.063434 0.382640
0.004776 0.569654 0.011407 0.006118 0.408045
0.000010 0.629151 0.000010 0.015093 0.355736
0.001887 0.563861 0.000010 0.006551 0.427692
0.002508 0.573478 0.000010 0.000982 0.423022
0.004066 0.545385 0.029689 0.090379 0.330482
0.000010 0.558260 0.000811 0.017240 0.423680
0.002855 0.590880 0.002864 0.009545 0.393857
0.007290 0.579963 0.000010 0.001933 0.410804
0.000010 0.623067 0.000010 0.007117 0.369796
0.004049 0.506051 0.040213 0.042939 0.406749
0.003948 0.577145 0.008955 0.021344 0.388608
0.000010 0.577690 0.011022 0.040027 0.371251
0.000881 0.579595 0.003156 0.019673 0.396695
0.002993 0.605501 0.000010 0.008791 0.382705
0.003543 0.557518 0.023168 0.105486 0.310285
0.000010 0.639080 0.000010 0.010363 0.350537
0.008111 0.600324 0.016754 0.019663 0.355148
