AI16373	BW_CONTROLS	0.008852	0.068814	0.294394	0.033791	0.594149
AI16389	BW_CONTROLS	0.005328	0.166344	0.164705	0.000010	0.663613
AI16406	BW_CONTROLS	0.000010	0.000010	0.362854	0.000010	0.637116
AI41194	BW_CONTROLS	0.000010	0.000010	0.370974	0.000010	0.628996
AN75622	BW_CONTROLS	0.000010	0.015903	0.342415	0.000010	0.641662
AN75666	BW_CONTROLS	0.000010	0.000010	0.378437	0.000010	0.621533
APP5117332	Niger_Congo_Bantu	0.000010	0.599150	0.003817	0.002454	0.394568
APP5117358	Niger_Congo_Bantu	0.008210	0.572015	0.003130	0.006882	0.409764
APP5117366	Niger_Congo_Bantu	0.000010	0.596378	0.000010	0.000010	0.403592
APP5117367	Niger_Congo_Bantu	0.000010	0.584162	0.000010	0.000010	0.415808
APP5117393	Niger_Congo_Bantu	0.000010	0.564887	0.002281	0.028839	0.403983
APP5117394	Niger_Congo_Bantu	0.003747	0.614662	0.004510	0.030849	0.346233
APP5117398	Niger_Congo_Bantu	0.002268	0.583837	0.000010	0.006555	0.407331
APP5117401	Niger_Congo_Bantu	0.000700	0.574680	0.003688	0.000010	0.420923
APP5117425	Niger_Congo_Bantu	0.004790	0.568855	0.008650	0.014152	0.403552
APP5117426	Niger_Congo_Bantu	0.000010	0.591226	0.001445	0.003913	0.403406
APP5117545	Niger_Congo_Bantu	0.001582	0.605258	0.000010	0.003792	0.389357
APP5117598	Niger_Congo_Bantu	0.000941	0.590603	0.000010	0.007192	0.401253
APP5117623	Niger_Congo_Bantu	0.001721	0.619004	0.005079	0.010953	0.363243
APP5117638	Niger_Congo_Bantu	0.000010	0.594296	0.001780	0.000010	0.403904
APP5117654	Niger_Congo_Bantu	0.000010	0.590259	0.000010	0.015355	0.394365
APP5117655	Niger_Congo_Bantu	0.000010	0.579035	0.000010	0.000010	0.420935
APP5117676	Niger_Congo_Bantu	0.002050	0.581769	0.001102	0.003479	0.411600
APP5117696	Niger_Congo_Bantu	0.003782	0.610754	0.000010	0.012869	0.372585
APP5117706	Niger_Congo_Bantu	0.007020	0.609559	0.008020	0.016456	0.358945
APP5117710	Niger_Congo_Bantu	0.000010	0.598254	0.000010	0.000010	0.401716
APP5117723	Niger_Congo_Bantu	0.005386	0.566358	0.004918	0.020716	0.402622
APP5117730	Niger_Congo_Bantu	0.001684	0.603426	0.000010	0.004939	0.389940
APP5117760	Niger_Congo_Bantu	0.004419	0.589363	0.000010	0.000010	0.406197
APP5117764	Niger_Congo_Bantu	0.001264	0.604525	0.005938	0.000010	0.388263
APP5117830	Niger_Congo_Bantu	0.000329	0.595502	0.011334	0.072662	0.320172
APP5117901	Niger_Congo_Bantu	0.003969	0.561008	0.004702	0.000010	0.430310
APP5117905	Niger_Congo_Bantu	0.000937	0.573662	0.000010	0.001816	0.423575
APP5117923	Niger_Congo_Bantu	0.005555	0.558547	0.013129	0.079029	0.343740
APP5117988	Niger_Congo_Bantu	0.000010	0.592898	0.000841	0.003361	0.402889
APP5117989	Niger_Congo_Bantu	0.007453	0.574990	0.005332	0.002403	0.409823
APP5117992	Niger_Congo_Bantu	0.004658	0.602109	0.005736	0.002875	0.384622
APP5118008	Niger_Congo_Bantu	0.000010	0.580703	0.001219	0.000010	0.418059
APP5118015	Niger_Congo_Bantu	0.004995	0.601519	0.001449	0.051395	0.340643
APP5118033	Niger_Congo_Bantu	0.000010	0.595631	0.001623	0.005399	0.397337
APP5118034	Niger_Congo_Bantu	0.002718	0.590459	0.000118	0.000010	0.406695
APP5118071	Niger_Congo_Bantu	0.001657	0.565539	0.009468	0.002333	0.421003
APP5118072	Niger_Congo_Bantu	0.000010	0.612846	0.000010	0.000010	0.387124
APP5118245	Niger_Congo_Bantu	0.000010	0.573374	0.000010	0.016458	0.410148
APP5118263	Niger_Congo_Bantu	0.000717	0.584938	0.000010	0.009550	0.404785
APP5118278	Niger_Congo_Bantu	0.006625	0.562161	0.020786	0.047774	0.362653
APP5118293	Niger_Congo_Bantu	0.000010	0.602670	0.000010	0.016720	0.380590
APP5118319	Niger_Congo_Bantu	0.006440	0.588260	0.000010	0.016698	0.388592
APP5118345	Niger_Congo_Bantu	0.000390	0.574535	0.004389	0.007706	0.412980
APP5118411	Niger_Congo_Bantu	0.000010	0.556578	0.000010	0.001006	0.442396
APP5118419	Niger_Congo_Bantu	0.002315	0.582665	0.000010	0.000010	0.415000
APP5118438	Niger_Congo_Bantu	0.001046	0.584763	0.002118	0.012887	0.399187
APP5118443	Niger_Congo_Bantu	0.000010	0.573239	0.000010	0.016393	0.410348
APP5118464	Niger_Congo_Bantu	0.000010	0.604885	0.001397	0.013848	0.379859
APP5118469	Niger_Congo_Bantu	0.000252	0.597385	0.000010	0.017250	0.385103
APP5118476	Niger_Congo_Bantu	0.000010	0.586303	0.000010	0.000010	0.413667
APP5118495	Niger_Congo_Bantu	0.001772	0.520730	0.015777	0.011250	0.450470
APP5118522	Niger_Congo_Bantu	0.009093	0.508265	0.028814	0.049190	0.404637
APP5118532	Niger_Congo_Bantu	0.006948	0.575514	0.015859	0.057140	0.344538
APP5118538	Niger_Congo_Bantu	0.005043	0.623490	0.000010	0.000676	0.370780
APP5118604	Niger_Congo_Bantu	0.001869	0.580144	0.006907	0.023878	0.387202
APP5118650	Niger_Congo_Bantu	0.000678	0.558827	0.013652	0.012619	0.414224
APP5118667	Niger_Congo_Bantu	0.000010	0.595782	0.000010	0.000010	0.404188
APP5118731	Niger_Congo_Bantu	0.000010	0.594908	0.000010	0.030710	0.374363
APP5118752	Niger_Congo_Bantu	0.003914	0.610213	0.000010	0.012119	0.373744
APP5118757	Niger_Congo_Bantu	0.001827	0.603666	0.000010	0.007938	0.386558
APP5118760	Niger_Congo_Bantu	0.000010	0.614233	0.000010	0.000149	0.385598
APP5118762	Niger_Congo_Bantu	0.006575	0.618070	0.000010	0.008669	0.366676
APP5118770	Niger_Congo_Bantu	0.002218	0.598544	0.001675	0.035451	0.362111
APP5118772	Niger_Congo_Bantu	0.001726	0.608893	0.000010	0.007715	0.381656
APP5118780	Niger_Congo_Bantu	0.001712	0.579449	0.028176	0.006974	0.383689
APP5118804	Niger_Congo_Bantu	0.007387	0.595308	0.004094	0.000010	0.393201
APP5118829	Niger_Congo_Bantu	0.000010	0.558132	0.016654	0.031653	0.393551
APP5118856	Niger_Congo_Bantu	0.000655	0.565511	0.011595	0.003921	0.418317
APP5118861	Niger_Congo_Bantu	0.004593	0.591927	0.000010	0.002696	0.400774
APP5118863	Niger_Congo_Bantu	0.006028	0.591282	0.011644	0.017196	0.373850
APP5118871	Niger_Congo_Bantu	0.000010	0.604726	0.000010	0.008618	0.386635
APP5118872	Niger_Congo_Bantu	0.003822	0.594597	0.002415	0.006599	0.392567
APP5118878	Niger_Congo_Bantu	0.002715	0.616377	0.000010	0.000160	0.380738
APP5118941	Niger_Congo_Bantu	0.007018	0.527305	0.032084	0.068373	0.365220
APP5118944	Niger_Congo_Bantu	0.002483	0.564469	0.011879	0.065441	0.355728
APP5118971	Niger_Congo_Bantu	0.002491	0.596594	0.000724	0.002074	0.398116
APP5119000	Niger_Congo_Bantu	0.000010	0.579553	0.000010	0.000010	0.420417
APP5119003	Niger_Congo_Bantu	0.000010	0.564075	0.014197	0.080513	0.341206
APP5119011	Niger_Congo_Bantu	0.000010	0.524076	0.012286	0.000370	0.463258
APP5119029	Niger_Congo_Bantu	0.002064	0.597622	0.001203	0.000010	0.399100
APP5119089	Niger_Congo_Bantu	0.000010	0.607934	0.000010	0.020709	0.371337
APP5119099	Niger_Congo_Bantu	0.000483	0.604510	0.007986	0.006187	0.380833
APP5119106	Niger_Congo_Bantu	0.000010	0.588678	0.000010	0.000010	0.411292
APP5119134	Niger_Congo_Bantu	0.000010	0.573480	0.005810	0.004066	0.416634
APP5119138	Niger_Congo_Bantu	0.000010	0.598962	0.000010	0.005177	0.395841
APP5119142	Niger_Congo_Bantu	0.000011	0.598360	0.009536	0.000010	0.392083
APP5119166	Niger_Congo_Bantu	0.000010	0.573291	0.005955	0.009079	0.411665
APP5119188	Niger_Congo_Bantu	0.000010	0.583510	0.013971	0.009384	0.393125
APP5119199	Niger_Congo_Bantu	0.000010	0.591821	0.003856	0.000010	0.404303
APP5119239	Niger_Congo_Bantu	0.000088	0.595427	0.012748	0.015604	0.376133
APP5119241	Niger_Congo_Bantu	0.005066	0.583028	0.012159	0.022187	0.377560
APP5119262	Niger_Congo_Bantu	0.001571	0.574947	0.000010	0.000010	0.423462
APP5119287	Niger_Congo_Bantu	0.002477	0.589076	0.002731	0.001073	0.404642
APP5119289	Niger_Congo_Bantu	0.000010	0.602238	0.002437	0.000010	0.395305
APP5119354	Niger_Congo_Bantu	0.000010	0.594419	0.007606	0.000010	0.397954
APP5119361	Niger_Congo_Bantu	0.000010	0.600860	0.000010	0.025060	0.374060
APP5119403	Niger_Congo_Bantu	0.006907	0.513650	0.025282	0.070428	0.383734
APP5119465	Niger_Congo_Bantu	0.003791	0.605634	0.004665	0.001719	0.384191
APP5119514	Niger_Congo_Bantu	0.004832	0.563432	0.007764	0.045342	0.378629
APP5139223	Niger_Congo_Bantu	0.000010	0.592698	0.003971	0.015288	0.388032
AT31476	BW_CONTROLS	0.000010	0.000010	0.440650	0.000010	0.559320
AT31509	BW_CONTROLS	0.000010	0.000251	0.355992	0.000010	0.643737
AT31515	BW_CONTROLS	0.000010	0.062445	0.289029	0.000010	0.648506
AT31543	BW_CONTROLS	0.000010	0.000010	0.388331	0.000010	0.611639
AV10214	BW_CONTROLS	0.000011	0.000010	0.364374	0.000010	0.635595
AV10220	BW_CONTROLS	0.000010	0.025019	0.312210	0.000010	0.662751
AV10236	BW_CONTROLS	0.000010	0.000010	0.432476	0.000010	0.567494
AV10242	BW_CONTROLS	0.000010	0.000010	0.504161	0.000010	0.495809
AV10258	BW_CONTROLS	0.000010	0.000010	0.388358	0.000010	0.611612
AV10264	BW_CONTROLS	0.001451	0.102524	0.234204	0.003402	0.658418
AV10286	BW_CONTROLS	0.000010	0.000010	0.372843	0.000010	0.627127
AV10292	BW_CONTROLS	0.000010	0.034301	0.304025	0.000454	0.661209
AV10319	BW_CONTROLS	0.000010	0.000010	0.431779	0.000010	0.568191
AV10436	BW_CONTROLS	0.000010	0.000010	0.373296	0.000010	0.626674
AV17501	BW_CONTROLS	0.000010	0.000010	0.375122	0.000010	0.624848
AV17517	BW_CONTROLS	0.000010	0.000010	0.376367	0.000010	0.623603
AV17523	BW_CONTROLS	0.000010	0.000010	0.373735	0.000010	0.626235
AV17539	BW_CONTROLS	0.000011	0.000010	0.378557	0.024886	0.596536
AV17545	BW_CONTROLS	0.000010	0.000010	0.389004	0.000010	0.610966
AV17551	BW_CONTROLS	0.000010	0.000010	0.404502	0.000010	0.595468
AV17612	BW_CONTROLS	0.001763	0.000010	0.317698	0.162926	0.517603
AV17628	BW_CONTROLS	0.000010	0.000010	0.424179	0.000010	0.575791
AV19193	BW_CONTROLS	0.000010	0.008388	0.325827	0.000010	0.665765
AV19232	BW_CONTROLS	0.000010	0.000010	0.367963	0.000010	0.632007
AV19248	BW_CONTROLS	0.000010	0.000010	0.395565	0.000010	0.604405
AV19260	BW_CONTROLS	0.003278	0.000010	0.352204	0.000010	0.644498
AV19276	BW_CONTROLS	0.000010	0.027632	0.327881	0.005960	0.638517
AV22287	BW_CONTROLS	0.007548	0.063649	0.285705	0.002135	0.640964
AV22293	BW_CONTROLS	0.000010	0.000010	0.369928	0.000010	0.630042
AV24885	BW_CONTROLS	0.001329	0.000010	0.367039	0.029765	0.601857
AV24891	BW_CONTROLS	0.029697	0.024209	0.307315	0.092045	0.546734
AV29013	BW_CONTROLS	0.000302	0.014533	0.293363	0.000010	0.691791
AV29029	BW_CONTROLS	0.000010	0.000010	0.384974	0.000010	0.614996
AV29041	BW_CONTROLS	0.001761	0.104898	0.310874	0.031398	0.551069
AV30260	BW_CONTROLS	0.000010	0.015496	0.351185	0.000010	0.633299
AV30282	BW_CONTROLS	0.000010	0.000010	0.376987	0.000010	0.622983
AV30298	BW_CONTROLS	0.000010	0.000010	0.359346	0.000010	0.640624
AV30315	BW_CONTROLS	0.001475	0.101088	0.240328	0.014833	0.642276
AV30604	BW_CONTROLS	0.002243	0.072005	0.263687	0.000010	0.662056
BH15039	BW_CONTROLS	0.000010	0.000010	0.356786	0.000010	0.643184
BH15217	BW_CONTROLS	0.000010	0.013766	0.337491	0.000010	0.648723
BM95627	BW_CONTROLS	0.000010	0.013473	0.389400	0.000010	0.597106
BM95633	BW_CONTROLS	0.000010	0.000010	0.376912	0.000010	0.623058
BM97136	BW_CONTROLS	0.000010	0.000010	0.363834	0.003649	0.632497
BM97142	BW_CONTROLS	0.001086	0.019353	0.346417	0.001373	0.631771
BN10714	BW_CASES	0.000010	0.000010	0.360137	0.000010	0.639833
BN13994	BW_CONTROLS	0.002893	0.051244	0.295328	0.062601	0.587934
BT31811	BW_CONTROLS	0.008706	0.132061	0.211954	0.000557	0.646722
BT31827	BW_CONTROLS	0.000010	0.066705	0.325964	0.001158	0.606163
BT36627	BW_CONTROLS	0.000010	0.000010	0.382315	0.000010	0.617655
BT37982	BW_CONTROLS	0.002480	0.053599	0.247030	0.142215	0.554676
BT38970	BW_CONTROLS	0.000010	0.000010	0.315193	0.095198	0.589589
CG86499	BW_CONTROLS	0.000010	0.000010	0.334679	0.003431	0.661870
CG86500	BW_CONTROLS	0.000010	0.000010	0.359484	0.000010	0.640486
CG86516	BW_CONTROLS	0.000010	0.000010	0.348245	0.000010	0.651725
CG87932	BW_CONTROLS	0.000010	0.072154	0.281392	0.000010	0.646434
CG87948	BW_CONTROLS	0.000010	0.137552	0.171714	0.005098	0.685626
CG89524	BW_CONTROLS	0.014140	0.124092	0.213513	0.024412	0.623843
CG89530	BW_CONTROLS	0.000014	0.000010	0.371190	0.000010	0.628775
CG91092	BW_CONTROLS	0.000010	0.055524	0.288240	0.000010	0.656217
CG93678	BW_CONTROLS	0.093713	0.000010	0.450681	0.242276	0.213320
CG93684	BW_CONTROLS	0.000010	0.045426	0.321506	0.000010	0.633048
CG95432	BW_CONTROLS	0.000010	0.007132	0.348885	0.003486	0.640487
CG95448	BW_CONTROLS	0.000010	0.031306	0.320003	0.000010	0.648672
CG96781	BW_CONTROLS	0.000010	0.024364	0.333556	0.000010	0.642060
CG97935	BW_CONTROLS	0.000011	0.002422	0.347309	0.000010	0.650249
CG97941	BW_CONTROLS	0.000549	0.028867	0.316546	0.000010	0.654028
CG97957	BW_CONTROLS	0.000010	0.004636	0.368376	0.000010	0.626968
CG97979	BW_CONTROLS	0.006157	0.076970	0.253956	0.000010	0.662908
CH01336	BW_CONTROLS	0.000010	0.033855	0.316030	0.000010	0.650095
CH01564	BW_CONTROLS	0.002566	0.005444	0.308672	0.000010	0.683308
CH01570	BW_CONTROLS	0.000010	0.012515	0.356189	0.000010	0.631276
CH02885	BW_CONTROLS	0.003085	0.072072	0.273694	0.001941	0.649207
CU58113	BW_CONTROLS	0.000853	0.180363	0.152101	0.004588	0.662095
EGAN00001044421	Afro-Asiatic_Semitic	0.024245	0.407470	0.040409	0.527866	0.000010
EGAN00001044423	Afro-Asiatic_Semitic	0.020469	0.435017	0.039879	0.504625	0.000010
EGAN00001044424	Afro-Asiatic_Semitic	0.013510	0.430400	0.041384	0.514696	0.000010
EGAN00001044425	Afro-Asiatic_Semitic	0.023370	0.411003	0.048956	0.516662	0.000010
EGAN00001044426	Afro-Asiatic_Semitic	0.020803	0.413263	0.031787	0.534137	0.000010
EGAN00001044427	Afro-Asiatic_Semitic	0.022297	0.422020	0.047514	0.508160	0.000010
EGAN00001044428	Afro-Asiatic_Semitic	0.017885	0.443310	0.041133	0.497662	0.000010
EGAN00001044429	Afro-Asiatic_Semitic	0.023048	0.418182	0.037976	0.520784	0.000010
EGAN00001044430	Afro-Asiatic_Semitic	0.018144	0.417367	0.038814	0.525666	0.000010
EGAN00001044431	Afro-Asiatic_Semitic	0.015556	0.406986	0.040915	0.536533	0.000010
EGAN00001044432	Afro-Asiatic_Semitic	0.014923	0.432674	0.035935	0.516457	0.000010
EGAN00001044433	Afro-Asiatic_Semitic	0.015774	0.431421	0.040310	0.512486	0.000010
EGAN00001044434	Afro-Asiatic_Semitic	0.019345	0.417634	0.036281	0.526730	0.000010
EGAN00001044435	Afro-Asiatic_Semitic	0.018667	0.409119	0.035136	0.537067	0.000010
EGAN00001044436	Afro-Asiatic_Semitic	0.012497	0.413471	0.033372	0.540650	0.000010
EGAN00001044437	Afro-Asiatic_Semitic	0.020714	0.404229	0.039467	0.535580	0.000010
EGAN00001044438	Afro-Asiatic_Semitic	0.025815	0.435167	0.051159	0.487849	0.000010
EGAN00001044439	Afro-Asiatic_Semitic	0.023655	0.416697	0.039078	0.520559	0.000010
EGAN00001044440	Afro-Asiatic_Semitic	0.017632	0.411972	0.039540	0.530847	0.000010
EGAN00001044441	Afro-Asiatic_Semitic	0.012603	0.401578	0.038751	0.547058	0.000010
EGAN00001044442	Afro-Asiatic_Semitic	0.011770	0.401992	0.037024	0.549204	0.000010
EGAN00001044443	Afro-Asiatic_Semitic	0.022800	0.436367	0.045135	0.495687	0.000010
EGAN00001068937	Niger-Congo_Bantu_South	0.000010	0.187690	0.233281	0.000010	0.579008
EGAN00001068938	Niger-Congo_Bantu_South	0.000010	0.211534	0.235632	0.000353	0.552470
EGAN00001068943	Niger-Congo_Bantu_South	0.000010	0.223679	0.206785	0.000969	0.568556
EGAN00001068947	Niger-Congo_Bantu_South	0.000143	0.196444	0.229916	0.000010	0.573487
EGAN00001068950	Niger-Congo_Bantu_South	0.000010	0.188444	0.224708	0.000010	0.586828
EGAN00001068954	Niger-Congo_Bantu_South	0.000010	0.216752	0.222121	0.000010	0.561108
EGAN00001068957	Niger-Congo_Bantu_South	0.001663	0.196507	0.229156	0.000968	0.571706
EGAN00001068959	Niger-Congo_Bantu_South	0.000010	0.187438	0.227481	0.002299	0.582772
EGAN00001068962	Niger-Congo_Bantu_South	0.001844	0.222587	0.216740	0.000010	0.558819
EGAN00001068963	Niger-Congo_Bantu_South	0.000010	0.222836	0.225530	0.000696	0.550929
EGAN00001068964	Niger-Congo_Bantu_South	0.000618	0.226875	0.210176	0.000010	0.562321
EGAN00001068965	Niger-Congo_Bantu_South	0.000010	0.223241	0.202504	0.000010	0.574236
EGAN00001068966	Niger-Congo_Bantu_South	0.000010	0.212545	0.224474	0.000010	0.562961
EGAN00001068967	Niger-Congo_Bantu_South	0.002126	0.233218	0.203347	0.000010	0.561299
EGAN00001068968	Niger-Congo_Bantu_South	0.000010	0.202645	0.229165	0.000010	0.568170
EGAN00001068969	Niger-Congo_Bantu_South	0.000011	0.201131	0.225841	0.000010	0.573007
EGAN00001068970	Niger-Congo_Bantu_South	0.000010	0.216421	0.218144	0.000010	0.565414
EGAN00001068971	Niger-Congo_Bantu_South	0.000010	0.176522	0.235072	0.000010	0.588386
EGAN00001068972	Niger-Congo_Bantu_South	0.000012	0.191161	0.219625	0.000010	0.589192
EGAN00001068973	Niger-Congo_Bantu_South	0.003744	0.212639	0.206670	0.000010	0.576936
EGAN00001068974	Niger-Congo_Bantu_South	0.000010	0.206180	0.223213	0.000010	0.570587
EGAN00001068975	Niger-Congo_Bantu_South	0.000010	0.215950	0.172907	0.000010	0.611122
EGAN00001069124	Niger-Congo_Bantu_South	0.000012	0.236333	0.205054	0.000010	0.558590
EGAN00001069125	Niger-Congo_Bantu_South	0.000010	0.220378	0.228709	0.000010	0.550892
EGAN00001069126	Niger-Congo_Bantu_South	0.000010	0.218397	0.214382	0.002128	0.565083
EGAN00001069127	Niger-Congo_Bantu_South	0.003984	0.218454	0.219765	0.000587	0.557210
EGAN00001069128	Niger-Congo_Bantu_South	0.000010	0.199359	0.224669	0.001355	0.574607
EGAN00001069129	Niger-Congo_Bantu_South	0.000010	0.214130	0.218917	0.002349	0.564593
EGAN00001069130	Niger-Congo_Bantu_South	0.002697	0.216271	0.213157	0.000010	0.567865
EGAN00001069131	Niger-Congo_Bantu_South	0.000010	0.206992	0.233278	0.000010	0.559710
EGAN00001069132	Niger-Congo_Bantu_South	0.000010	0.217270	0.232821	0.000010	0.549889
EGAN00001069133	Niger-Congo_Bantu_South	0.000010	0.198524	0.239321	0.000010	0.562135
EGAN00001069134	Niger-Congo_Bantu_South	0.000747	0.209327	0.218938	0.000010	0.570978
EGAN00001069135	Niger-Congo_Bantu_South	0.003854	0.220140	0.203333	0.000010	0.572663
EGAN00001069136	Niger-Congo_Bantu_South	0.002037	0.207678	0.222963	0.006347	0.560975
EGAN00001069137	Niger-Congo_Bantu_South	0.000010	0.197935	0.241032	0.004750	0.556273
EGAN00001069138	Niger-Congo_Bantu_South	0.000010	0.219053	0.223501	0.000010	0.557426
EGAN00001069139	Niger-Congo_Bantu_South	0.000010	0.244587	0.206514	0.000010	0.548878
EGAN00001069140	Niger-Congo_Bantu_South	0.000010	0.222384	0.211207	0.000010	0.566389
EGAN00001069141	Niger-Congo_Bantu_South	0.000010	0.191608	0.198369	0.166181	0.443832
EGAN00001069142	Niger-Congo_Bantu_South	0.000012	0.203271	0.243531	0.000010	0.553176
EGAN00001069143	Niger-Congo_Bantu_South	0.000012	0.210136	0.216356	0.000010	0.573485
EGAN00001069144	Niger-Congo_Bantu_South	0.000010	0.217238	0.211299	0.000010	0.571444
EGAN00001069145	Niger-Congo_Bantu_South	0.000768	0.219061	0.191991	0.000010	0.588170
EGAN00001069146	Niger-Congo_Bantu_South	0.001682	0.220125	0.216443	0.000410	0.561341
EGAN00001069147	Niger-Congo_Bantu_South	0.000012	0.210736	0.230596	0.000010	0.558646
EGAN00001069148	Niger-Congo_Bantu_South	0.001657	0.221920	0.216651	0.000010	0.559762
EGAN00001069149	Niger-Congo_Bantu_South	0.001515	0.219643	0.215353	0.001095	0.562395
EGAN00001069150	Niger-Congo_Bantu_South	0.000905	0.217378	0.220174	0.000010	0.561534
EGAN00001069151	Niger-Congo_Bantu_South	0.004262	0.212207	0.224989	0.000127	0.558414
EGAN00001069152	Niger-Congo_Bantu_South	0.000010	0.195238	0.247270	0.014404	0.543078
EGAN00001069153	Niger-Congo_Bantu_South	0.000010	0.190919	0.235129	0.000010	0.573932
EGAN00001069154	Niger-Congo_Bantu_South	0.000010	0.210046	0.232336	0.000765	0.556843
EGAN00001069155	Niger-Congo_Bantu_South	0.000010	0.219808	0.222569	0.000010	0.557603
EGAN00001069156	Niger-Congo_Bantu_South	0.000010	0.209973	0.220898	0.004525	0.564594
EGAN00001069157	Niger-Congo_Bantu_South	0.000010	0.227082	0.242091	0.000010	0.530807
EGAN00001069158	Niger-Congo_Bantu_South	0.000010	0.199799	0.236531	0.000010	0.563650
EGAN00001069159	Niger-Congo_Bantu_South	0.000013	0.226857	0.229707	0.000010	0.543413
EGAN00001069160	Niger-Congo_Bantu_South	0.000010	0.224220	0.207088	0.000010	0.568671
EGAN00001069161	Niger-Congo_Bantu_South	0.004085	0.227305	0.214343	0.005895	0.548371
EGAN00001069162	Niger-Congo_Bantu_South	0.001768	0.223175	0.194661	0.000485	0.579910
EGAN00001069163	Niger-Congo_Bantu_South	0.000323	0.227487	0.199455	0.000010	0.572725
EGAN00001069164	Niger-Congo_Bantu_South	0.002110	0.212545	0.211434	0.007681	0.566230
EGAN00001069165	Niger-Congo_Bantu_South	0.000010	0.210602	0.214050	0.000010	0.575328
EGAN00001069166	Niger-Congo_Bantu_South	0.000010	0.210859	0.224226	0.000010	0.564895
EGAN00001069168	Niger-Congo_Bantu_South	0.000011	0.195420	0.239852	0.000010	0.564707
EGAN00001069169	Niger-Congo_Bantu_South	0.000011	0.195236	0.220697	0.000010	0.584046
EGAN00001069170	Niger-Congo_Bantu_South	0.000012	0.211710	0.229211	0.000010	0.559057
EGAN00001069171	Niger-Congo_Bantu_South	0.000233	0.229535	0.216913	0.000010	0.553310
EGAN00001069172	Niger-Congo_Bantu_South	0.000010	0.213506	0.224596	0.005982	0.555906
EGAN00001069173	Niger-Congo_Bantu_South	0.000941	0.200798	0.203474	0.001252	0.593535
EGAN00001069174	Niger-Congo_Bantu_South	0.000010	0.213138	0.244687	0.003190	0.538975
EGAN00001069175	Niger-Congo_Bantu_South	0.001024	0.226531	0.229592	0.000010	0.542842
EGAN00001069176	Niger-Congo_Bantu_South	0.001341	0.215295	0.226922	0.004972	0.551469
EGAN00001069177	Niger-Congo_Bantu_South	0.001153	0.223845	0.223583	0.004590	0.546829
EGAN00001069178	Niger-Congo_Bantu_South	0.000469	0.236891	0.201889	0.000010	0.560741
EGAN00001069179	Niger-Congo_Bantu_South	0.000010	0.206136	0.234819	0.009541	0.549494
EGAN00001069180	Niger-Congo_Bantu_South	0.000010	0.221550	0.214426	0.000010	0.564004
EGAN00001069181	Niger-Congo_Bantu_South	0.000010	0.224080	0.202723	0.000010	0.573177
EGAN00001069182	Niger-Congo_Bantu_South	0.000012	0.229290	0.206540	0.000010	0.564149
EGAN00001069183	Niger-Congo_Bantu_South	0.001759	0.215018	0.221255	0.000010	0.561957
EGAN00001069184	Niger-Congo_Bantu_South	0.003589	0.230475	0.172583	0.000010	0.593343
EGAN00001069185	Niger-Congo_Bantu_South	0.001652	0.211329	0.242214	0.001621	0.543184
EGAN00001069186	Niger-Congo_Bantu_South	0.000012	0.221318	0.218162	0.000010	0.560498
EGAN00001069187	Niger-Congo_Bantu_South	0.001425	0.215337	0.224169	0.000370	0.558698
EGAN00001069188	Niger-Congo_Bantu_South	0.004239	0.211731	0.224641	0.002035	0.557354
EGAN00001069189	Niger-Congo_Bantu_South	0.019572	0.191458	0.252383	0.030352	0.506235
EGAN00001069190	Niger-Congo_Bantu_South	0.000629	0.214365	0.224120	0.001343	0.559544
EGAN00001069193	Niger-Congo_Bantu_South	0.008108	0.207833	0.224512	0.001079	0.558468
EGAN00001069194	Niger-Congo_Bantu_South	0.000054	0.199060	0.222639	0.000010	0.578236
EGAN00001069195	Niger-Congo_Bantu_South	0.000013	0.232608	0.217694	0.000010	0.549675
EGAN00001069196	Niger-Congo_Bantu_South	0.005115	0.217139	0.211567	0.000010	0.566170
EGAN00001069197	Niger-Congo_Bantu_South	0.000497	0.227231	0.210992	0.000010	0.561271
EGAN00001069198	Niger-Congo_Bantu_South	0.000010	0.203943	0.232596	0.000010	0.563442
EGAN00001069199	Niger-Congo_Bantu_South	0.001906	0.216124	0.228071	0.003575	0.550324
EGAN00001069200	Niger-Congo_Bantu_South	0.000450	0.222140	0.206189	0.000842	0.570379
EGAN00001069201	Niger-Congo_Bantu_South	0.000774	0.220431	0.228893	0.000010	0.549893
EGAN00001069202	Niger-Congo_Bantu_South	0.000010	0.218286	0.209492	0.002190	0.570022
EGAN00001071672	Afro-Asiatic_Cushitic	0.024737	0.441432	0.054131	0.479004	0.000696
EGAN00001071678	Afro-Asiatic_Cushitic	0.012291	0.428052	0.051393	0.508254	0.000010
EGAN00001071679	Afro-Asiatic_Cushitic	0.017482	0.442559	0.041959	0.497990	0.000010
EGAN00001071689	Afro-Asiatic_Cushitic	0.021102	0.430542	0.052306	0.496041	0.000010
EGAN00001071690	Afro-Asiatic_Cushitic	0.018956	0.444691	0.053949	0.482394	0.000010
EGAN00001071702	Afro-Asiatic_Cushitic	0.004546	0.454224	0.045025	0.496195	0.000010
EGAN00001071703	Afro-Asiatic_Cushitic	0.023599	0.439839	0.035562	0.500990	0.000010
EGAN00001071705	Afro-Asiatic_Cushitic	0.020326	0.522267	0.040419	0.416978	0.000010
EGAN00001071714	Afro-Asiatic_Cushitic	0.022897	0.438480	0.043528	0.495084	0.000010
EGAN00001071715	Afro-Asiatic_Cushitic	0.017477	0.455439	0.046886	0.480188	0.000010
EGAN00001071717	Afro-Asiatic_Cushitic	0.011493	0.537711	0.042347	0.404179	0.004269
EGAN00001071721	Afro-Asiatic_Cushitic	0.016574	0.442282	0.048875	0.492258	0.000010
EGAN00001071722	Afro-Asiatic_Cushitic	0.022424	0.446896	0.054289	0.476381	0.000010
EGAN00001071723	Afro-Asiatic_Cushitic	0.021427	0.445523	0.049352	0.483689	0.000010
EGAN00001071735	Afro-Asiatic_Cushitic	0.028196	0.440641	0.056290	0.474863	0.000010
EGAN00001071736	Afro-Asiatic_Cushitic	0.031897	0.455700	0.051021	0.461372	0.000010
EGAN00001071737	Afro-Asiatic_Cushitic	0.019452	0.510394	0.040398	0.410070	0.019685
EGAN00001071746	Afro-Asiatic_Cushitic	0.019080	0.436159	0.045371	0.499380	0.000010
EGAN00001071747	Afro-Asiatic_Cushitic	0.021204	0.485601	0.063314	0.401791	0.028090
EGAN00001071752	Afro-Asiatic_Cushitic	0.019489	0.529380	0.029724	0.418347	0.003060
EGAN00001071759	Afro-Asiatic_Cushitic	0.023693	0.450580	0.054712	0.470818	0.000198
EGAN00001071760	Afro-Asiatic_Cushitic	0.018048	0.478430	0.068404	0.424291	0.010827
EGAN00001071762	Afro-Asiatic_Cushitic	0.020186	0.531895	0.033554	0.408408	0.005956
EGAN00001071768	Afro-Asiatic_Cushitic	0.017764	0.418724	0.045098	0.518404	0.000010
EGAN00001071770	Afro-Asiatic_Cushitic	0.016960	0.415329	0.039513	0.528188	0.000010
EGAN00001071771	Afro-Asiatic_Cushitic	0.023749	0.412672	0.034406	0.486519	0.042653
EGAN00001071772	Afro-Asiatic_Cushitic	0.020202	0.534706	0.028873	0.415546	0.000673
EGAN00001071778	Afro-Asiatic_Cushitic	0.025411	0.461295	0.050787	0.462497	0.000010
EGAN00001071782	Afro-Asiatic_Cushitic	0.017675	0.527403	0.045550	0.408160	0.001211
EGAN00001071784	Afro-Asiatic_Cushitic	0.011551	0.526660	0.040627	0.418843	0.002319
EGAN00001071792	Afro-Asiatic_Cushitic	0.023832	0.432094	0.051888	0.492175	0.000010
EGAN00001071794	Afro-Asiatic_Cushitic	0.015491	0.507169	0.035807	0.414074	0.027461
EGAN00001071795	Afro-Asiatic_Cushitic	0.013413	0.530782	0.036238	0.410781	0.008786
EGAN00001071805	Afro-Asiatic_Cushitic	0.016326	0.424821	0.049353	0.509491	0.000010
EGAN00001071806	Afro-Asiatic_Cushitic	0.017640	0.408646	0.038393	0.535311	0.000010
EGAN00001071807	Afro-Asiatic_Cushitic	0.022368	0.531023	0.036861	0.402013	0.007735
EGAN00001071808	Afro-Asiatic_Cushitic	0.019967	0.484893	0.040126	0.401988	0.053025
EGAN00001071816	Afro-Asiatic_Cushitic	0.011673	0.544526	0.042538	0.396333	0.004930
EGAN00001071818	Afro-Asiatic_Cushitic	0.022216	0.499039	0.042837	0.358953	0.076954
EGAN00001071819	Afro-Asiatic_Cushitic	0.018204	0.525429	0.033849	0.399276	0.023242
EGAN00001071820	Afro-Asiatic_Cushitic	0.018891	0.519996	0.042020	0.399239	0.019854
EGAN00001071821	Afro-Asiatic_Cushitic	0.017147	0.535734	0.044814	0.397374	0.004931
EGAN00001071822	Afro-Asiatic_Cushitic	0.015784	0.531345	0.040676	0.412185	0.000010
EGAN00001071823	Afro-Asiatic_Cushitic	0.013184	0.524619	0.041669	0.420518	0.000010
EGAN00001071824	Afro-Asiatic_Cushitic	0.022084	0.535363	0.048972	0.390641	0.002941
EGAN00001071825	Afro-Asiatic_Cushitic	0.020305	0.538902	0.034147	0.399393	0.007254
EGAN00001071826	Afro-Asiatic_Cushitic	0.023053	0.544729	0.035432	0.387103	0.009683
EGAN00001071827	Afro-Asiatic_Omotic	0.029221	0.481707	0.074715	0.412019	0.002338
EGAN00001071828	Afro-Asiatic_Omotic	0.031443	0.491814	0.072184	0.395909	0.008649
EGAN00001071829	Afro-Asiatic_Omotic	0.026811	0.478412	0.081274	0.413493	0.000010
EGAN00001071830	Afro-Asiatic_Omotic	0.037017	0.489765	0.087389	0.370981	0.014847
EGAN00001071831	Afro-Asiatic_Omotic	0.032787	0.493372	0.108513	0.360031	0.005297
EGAN00001071832	Afro-Asiatic_Omotic	0.026896	0.473847	0.065160	0.427733	0.006365
EGAN00001071833	Afro-Asiatic_Omotic	0.030235	0.481877	0.067656	0.414979	0.005253
EGAN00001071834	Afro-Asiatic_Omotic	0.035552	0.507510	0.094030	0.345157	0.017752
EGAN00001071835	Afro-Asiatic_Omotic	0.018008	0.464481	0.065617	0.451883	0.000010
EGAN00001071836	Afro-Asiatic_Omotic	0.018954	0.495224	0.075276	0.410536	0.000010
EGAN00001071837	Afro-Asiatic_Omotic	0.024025	0.467298	0.064971	0.441619	0.002087
EGAN00001071838	Afro-Asiatic_Omotic	0.035513	0.481195	0.092795	0.377516	0.012980
EGAN00001071839	Afro-Asiatic_Omotic	0.029838	0.498352	0.087062	0.373041	0.011708
EGAN00001071840	Afro-Asiatic_Omotic	0.023246	0.483758	0.062835	0.428367	0.001794
EGAN00001071841	Afro-Asiatic_Omotic	0.020553	0.481520	0.075156	0.410739	0.012032
EGAN00001071842	Afro-Asiatic_Omotic	0.031466	0.469832	0.077045	0.419237	0.002419
EGAN00001071843	Afro-Asiatic_Omotic	0.025407	0.468521	0.066443	0.426910	0.012720
EGAN00001071844	Afro-Asiatic_Omotic	0.017091	0.468924	0.056900	0.457061	0.000025
EGAN00001071845	Afro-Asiatic_Omotic	0.020598	0.495789	0.081326	0.402277	0.000010
EGAN00001071846	Afro-Asiatic_Omotic	0.029564	0.481738	0.087536	0.388347	0.012815
EGAN00001071847	Afro-Asiatic_Omotic	0.021022	0.484355	0.071508	0.423105	0.000010
EGAN00001071848	Afro-Asiatic_Omotic	0.032646	0.497502	0.108056	0.348727	0.013070
EGAN00001071849	Afro-Asiatic_Omotic	0.028486	0.471521	0.077444	0.412424	0.010125
EGAN00001071850	Afro-Asiatic_Omotic	0.031755	0.472912	0.083037	0.405051	0.007245
EGAN00001101667	Afro-Asiatic	0.004594	0.145716	0.030406	0.819274	0.000010
EGAN00001101668	Afro-Asiatic	0.000010	0.150157	0.037894	0.811929	0.000010
EGAN00001101669	Afro-Asiatic	0.010556	0.153714	0.031221	0.804498	0.000010
EGAN00001101670	Afro-Asiatic	0.002167	0.178632	0.033655	0.784206	0.001339
EGAN00001101671	Afro-Asiatic	0.000010	0.171839	0.032602	0.795539	0.000010
EGAN00001101672	Afro-Asiatic	0.000010	0.111386	0.024995	0.863599	0.000010
EGAN00001101676	Afro-Asiatic	0.000010	0.174237	0.027105	0.798638	0.000010
EGAN00001101677	Afro-Asiatic	0.006021	0.147436	0.032052	0.814481	0.000010
EGAN00001101678	Afro-Asiatic	0.003177	0.152703	0.032137	0.811973	0.000010
EGAN00001101679	Afro-Asiatic	0.005789	0.177514	0.033223	0.783463	0.000010
EGAN00001101680	Afro-Asiatic	0.000631	0.148022	0.032722	0.815887	0.002738
EGAN00001101681	Afro-Asiatic	0.001297	0.171335	0.030985	0.796373	0.000010
EGAN00001101682	Afro-Asiatic	0.006867	0.165798	0.032206	0.795118	0.000010
EGAN00001101687	Afro-Asiatic	0.001933	0.123878	0.001607	0.872572	0.000010
EGAN00001101688	Afro-Asiatic	0.004984	0.143780	0.034981	0.816245	0.000010
EGAN00001101689	Afro-Asiatic	0.000010	0.153756	0.034196	0.812029	0.000010
EGAN00001101690	Afro-Asiatic	0.000068	0.167343	0.033361	0.788882	0.010346
EGAN00001101692	Afro-Asiatic	0.002096	0.156357	0.032779	0.808757	0.000010
EGAN00001101694	Afro-Asiatic	0.006247	0.166016	0.029976	0.797751	0.000010
EGAN00001101699	Afro-Asiatic	0.005415	0.163191	0.037701	0.793683	0.000010
EGAN00001101700	Afro-Asiatic	0.000534	0.153680	0.032231	0.813544	0.000010
EGAN00001101702	Afro-Asiatic	0.005805	0.175028	0.005721	0.808834	0.004612
EGAN00001101705	Afro-Asiatic	0.002658	0.125615	0.030209	0.841508	0.000010
EGAN00001101706	Afro-Asiatic	0.000010	0.192133	0.032309	0.761010	0.014539
EGAN00001101711	Afro-Asiatic	0.000010	0.172824	0.036173	0.790982	0.000010
EGAN00001101712	Afro-Asiatic	0.007499	0.141914	0.029004	0.821573	0.000010
EGAN00001101713	Afro-Asiatic	0.008408	0.142492	0.032027	0.817062	0.000010
EGAN00001101716	Afro-Asiatic	0.003163	0.143755	0.035025	0.818047	0.000010
EGAN00001101717	Afro-Asiatic	0.011130	0.171928	0.034019	0.781196	0.001727
EGAN00001101718	Afro-Asiatic	0.008455	0.161981	0.033073	0.796481	0.000010
EGAN00001101719	Afro-Asiatic	0.005174	0.137075	0.031760	0.825981	0.000010
EGAN00001101723	Afro-Asiatic	0.000010	0.139651	0.032700	0.827629	0.000010
EGAN00001101724	Afro-Asiatic	0.004844	0.186441	0.034601	0.774103	0.000010
EGAN00001101725	Afro-Asiatic	0.009545	0.190397	0.006401	0.778380	0.015277
EGAN00001101732	Afro-Asiatic	0.013214	0.157457	0.028544	0.798172	0.002613
EGAN00001101734	Afro-Asiatic	0.000010	0.192878	0.036674	0.770428	0.000010
EGAN00001101735	Afro-Asiatic	0.005853	0.144856	0.031378	0.817904	0.000010
EGAN00001101736	Afro-Asiatic	0.006821	0.187476	0.036448	0.769245	0.000010
EGAN00001101737	Afro-Asiatic	0.000010	0.151987	0.036139	0.811854	0.000010
EGAN00001101739	Afro-Asiatic	0.000017	0.142896	0.028329	0.828747	0.000010
EGAN00001101742	Afro-Asiatic	0.003132	0.142836	0.027972	0.826051	0.000010
EGAN00001101744	Afro-Asiatic	0.002431	0.145966	0.030193	0.821400	0.000010
EGAN00001101748	Afro-Asiatic	0.004106	0.155504	0.033438	0.806941	0.000010
EGAN00001101749	Afro-Asiatic	0.004060	0.162201	0.032180	0.801549	0.000010
EGAN00001101750	Afro-Asiatic	0.000490	0.151066	0.030797	0.817638	0.000010
EGAN00001101751	Afro-Asiatic	0.009622	0.297392	0.038406	0.653198	0.001383
EGAN00001101752	Afro-Asiatic	0.000010	0.131658	0.027489	0.840833	0.000010
EGAN00001101753	Afro-Asiatic	0.261941	0.000010	0.010180	0.727859	0.000010
EGAN00001101754	Afro-Asiatic	0.007419	0.151544	0.032658	0.808369	0.000010
EGAN00001101755	Afro-Asiatic	0.000010	0.159937	0.032742	0.807301	0.000010
EGAN00001101756	Afro-Asiatic	0.000196	0.158628	0.031858	0.809308	0.000010
EGAN00001101758	Afro-Asiatic	0.000010	0.170307	0.037423	0.792250	0.000010
EGAN00001101759	Afro-Asiatic	0.008559	0.146156	0.031772	0.813504	0.000010
EGAN00001101761	Afro-Asiatic	0.000010	0.148573	0.028248	0.823159	0.000010
EGAN00001101767	Afro-Asiatic	0.003116	0.139282	0.024802	0.832790	0.000010
EGAN00001101768	Afro-Asiatic	0.000010	0.180621	0.032260	0.776651	0.010458
EGAN00001101769	Afro-Asiatic	0.005287	0.144489	0.028071	0.815600	0.006553
EGAN00001101771	Afro-Asiatic	0.009316	0.162318	0.034583	0.793772	0.000010
EGAN00001101772	Afro-Asiatic	0.000801	0.156246	0.029254	0.813689	0.000010
EGAN00001101774	Afro-Asiatic	0.000010	0.149624	0.028983	0.821373	0.000010
EGAN00001101776	Afro-Asiatic	0.009363	0.014645	0.015622	0.960361	0.000010
EGAN00001101780	Afro-Asiatic	0.003583	0.141803	0.030378	0.824227	0.000010
EGAN00001101781	Afro-Asiatic	0.002966	0.160143	0.037752	0.793265	0.005875
EGAN00001101782	Afro-Asiatic	0.000010	0.150029	0.032517	0.817434	0.000010
EGAN00001101783	Afro-Asiatic	0.002221	0.112591	0.022918	0.862260	0.000010
EGAN00001101784	Afro-Asiatic	0.000010	0.142922	0.033960	0.823098	0.000010
EGAN00001101786	Afro-Asiatic	0.001430	0.206204	0.030885	0.761471	0.000010
EGAN00001101787	Afro-Asiatic	0.000010	0.161705	0.029699	0.808576	0.000010
EGAN00001101788	Afro-Asiatic	0.007604	0.141721	0.032189	0.818475	0.000010
EGAN00001101791	Afro-Asiatic	0.000666	0.156521	0.035490	0.807313	0.000010
EGAN00001101792	Afro-Asiatic	0.002533	0.167662	0.029370	0.800425	0.000010
EGAN00001101793	Afro-Asiatic	0.007681	0.230828	0.038692	0.678458	0.044341
EGAN00001101794	Afro-Asiatic	0.009641	0.126304	0.032056	0.831989	0.000010
EGAN00001101796	Afro-Asiatic	0.011071	0.019303	0.018814	0.950802	0.000010
EGAN00001101798	Afro-Asiatic	0.003699	0.168494	0.025624	0.802173	0.000010
EGAN00001101799	Afro-Asiatic	0.000010	0.165163	0.029934	0.804882	0.000010
EGAN00001101801	Afro-Asiatic	0.000010	0.106190	0.023535	0.870255	0.000010
EGAN00001101802	Afro-Asiatic	0.000916	0.152106	0.029516	0.817452	0.000010
EGAN00001101803	Afro-Asiatic	0.001358	0.190206	0.034202	0.758684	0.015550
EGAN00001101804	Afro-Asiatic	0.006256	0.154065	0.034713	0.804956	0.000010
EGAN00001101807	Afro-Asiatic	0.007230	0.195131	0.032085	0.765544	0.000010
EGAN00001101808	Afro-Asiatic	0.001408	0.163132	0.029615	0.805835	0.000010
EGAN00001101809	Afro-Asiatic	0.008779	0.153354	0.031002	0.806854	0.000010
EGAN00001101813	Afro-Asiatic	0.001078	0.193799	0.037495	0.757143	0.010486
EGAN00001101814	Afro-Asiatic	0.003824	0.152654	0.030356	0.813156	0.000010
EGAN00001101816	Afro-Asiatic	0.004561	0.167288	0.037975	0.790165	0.000010
EGAN00001101819	Afro-Asiatic	0.001911	0.116104	0.029987	0.851989	0.000010
EGAN00001101820	Afro-Asiatic	0.000010	0.161469	0.031867	0.806645	0.000010
EGAN00001101823	Afro-Asiatic	0.001748	0.159430	0.035991	0.802821	0.000010
EGAN00001101824	Afro-Asiatic	0.000817	0.156231	0.032266	0.810676	0.000010
EGAN00001101825	Afro-Asiatic	0.000010	0.131972	0.036083	0.831926	0.000010
EGAN00001101827	Afro-Asiatic	0.005576	0.175039	0.035006	0.784368	0.000010
EGAN00001101829	Afro-Asiatic	0.002479	0.156813	0.029812	0.810886	0.000010
EGAN00001101830	Afro-Asiatic	0.000010	0.161219	0.033005	0.805756	0.000010
EGAN00001101831	Afro-Asiatic	0.002031	0.178844	0.031983	0.785516	0.001626
EGAN00001101835	Afro-Asiatic	0.000365	0.152779	0.028746	0.818101	0.000010
EGAN00001101839	Afro-Asiatic	0.005399	0.204440	0.037944	0.752207	0.000010
EGAN00001101840	Afro-Asiatic	0.000010	0.204319	0.037034	0.758627	0.000010
EGAN00001101841	Afro-Asiatic	0.000377	0.146354	0.032860	0.820399	0.000010
EGAN00001160535	Niger_Congo_Bantu	0.000010	0.604971	0.000010	0.000010	0.394999
EGAN00001160545	Niger_Congo_Bantu	0.000010	0.597202	0.000010	0.000010	0.402768
EGAN00001160546	Niger_Congo_Bantu	0.008022	0.594299	0.045992	0.233088	0.118599
EGAN00001160550	Niger_Congo_Bantu	0.012407	0.601484	0.012646	0.067262	0.306201
EGAN00001160554	Niger_Congo_Bantu	0.003242	0.596212	0.013082	0.087368	0.300096
EGAN00001160564	Niger_Congo_Bantu	0.010025	0.558826	0.016660	0.015705	0.398784
EGAN00001160567	Niger_Congo_Bantu	0.000010	0.611310	0.002151	0.015403	0.371126
EGAN00001160574	Niger_Congo_Bantu	0.007073	0.523464	0.035613	0.074942	0.358908
EGAN00001160575	Niger_Congo_Bantu	0.001776	0.554816	0.018460	0.089681	0.335267
EGAN00001160578	Niger_Congo_Bantu	0.008030	0.598871	0.011814	0.024479	0.356806
EGAN00001160585	Niger_Congo_Bantu	0.001749	0.579543	0.004761	0.035126	0.378821
EGAN00001160590	Niger_Congo_Bantu	0.001771	0.606318	0.009587	0.073250	0.309075
EGAN00001160622	Niger_Congo_Bantu	0.000695	0.558287	0.011125	0.046507	0.383385
EGAN00001160625	Niger_Congo_Bantu	0.008240	0.561936	0.000010	0.030359	0.399455
EGAN00001160628	Niger_Congo_Bantu	0.007985	0.604795	0.020324	0.014483	0.352414
EGAN00001160640	Niger_Congo_Bantu	0.000674	0.585051	0.000712	0.004284	0.409279
EGAN00001160655	Niger_Congo_Bantu	0.009285	0.596749	0.029789	0.142344	0.221833
EGAN00001160668	Niger_Congo_Bantu	0.000010	0.586408	0.000010	0.000010	0.413562
EGAN00001160687	Niger_Congo_Bantu	0.007817	0.592443	0.001485	0.005529	0.392725
EGAN00001160693	Niger_Congo_Bantu	0.003416	0.563359	0.013022	0.116138	0.304064
EGAN00001160705	Niger_Congo_Bantu	0.000796	0.571657	0.005360	0.015478	0.406709
EGAN00001160714	Niger_Congo_Bantu	0.007690	0.561612	0.011376	0.054492	0.364830
EGAN00001160764	Niger_Congo_Bantu	0.000010	0.604793	0.000010	0.000010	0.395177
EGAN00001160765	Niger_Congo_Bantu	0.000010	0.602485	0.000010	0.000010	0.397485
EGAN00001160766	Niger_Congo_Bantu	0.000279	0.611305	0.000010	0.004148	0.384257
EGAN00001160769	Niger_Congo_Bantu	0.008235	0.592943	0.013138	0.000010	0.385673
EGAN00001160787	Niger_Congo_Bantu	0.000010	0.605525	0.000010	0.010243	0.384212
EGAN00001160788	Niger_Congo_Bantu	0.009169	0.563430	0.023484	0.050565	0.353351
EGAN00001160791	Niger_Congo_Bantu	0.003199	0.603393	0.000010	0.012139	0.381259
EGAN00001160799	Niger_Congo_Bantu	0.006074	0.587651	0.034619	0.139126	0.232530
EGAN00001160819	Niger_Congo_Bantu	0.005520	0.553170	0.017211	0.083197	0.340903
EGAN00001160820	Niger_Congo_Bantu	0.003213	0.541532	0.026614	0.041577	0.387064
EGAN00001160826	Niger_Congo_Bantu	0.002501	0.618521	0.000010	0.001429	0.377539
EGAN00001160829	Niger_Congo_Bantu	0.009562	0.576877	0.029704	0.149973	0.233885
EGAN00001160831	Niger_Congo_Bantu	0.001976	0.586356	0.010107	0.013763	0.387797
EGAN00001160834	Niger_Congo_Bantu	0.006148	0.587624	0.008057	0.070110	0.328061
EGAN00001160835	Niger_Congo_Bantu	0.002780	0.578168	0.029320	0.129530	0.260203
EGAN00001160845	Niger_Congo_Bantu	0.006824	0.563869	0.034354	0.141926	0.253028
EGAN00001160849	Niger_Congo_Bantu	0.004804	0.620959	0.000010	0.000010	0.374217
EGAN00001160854	Niger_Congo_Bantu	0.002083	0.601919	0.000986	0.003743	0.391268
EGAN00001160857	Niger_Congo_Bantu	0.002135	0.617490	0.000010	0.003784	0.376582
EGAN00001160859	Niger_Congo_Bantu	0.000010	0.601404	0.001496	0.005820	0.391269
EGAN00001160866	Niger_Congo_Bantu	0.000010	0.584308	0.005254	0.006174	0.404255
EGAN00001160867	Niger_Congo_Bantu	0.002995	0.588038	0.001765	0.000010	0.407192
EGAN00001160869	Niger_Congo_Bantu	0.000010	0.611545	0.000010	0.007689	0.380746
EGAN00001160870	Niger_Congo_Bantu	0.000010	0.600154	0.000010	0.000010	0.399816
EGAN00001160885	Niger_Congo_Bantu	0.002449	0.589791	0.000010	0.016852	0.390898
EGAN00001160892	Niger_Congo_Bantu	0.000010	0.590788	0.002683	0.024353	0.382166
EGAN00001160897	Niger_Congo_Bantu	0.006774	0.517670	0.016217	0.045112	0.414226
EGAN00001160902	Niger_Congo_Bantu	0.004560	0.570753	0.016259	0.025153	0.383275
EGAN00001160904	Niger_Congo_Bantu	0.000010	0.577381	0.008739	0.029642	0.384228
